#L TT           EE           TE
30 1.544448E+02 1.441366E-02 1.825836E-01
31 1.457443E+02 1.701667E-02 -4.489896E-02
32 1.368491E+02 1.530423E-02 7.885635E-03
33 1.938961E+02 1.543182E-02 6.774011E-01
34 2.080984E+02 1.544600E-02 4.478730E-01
35 1.316802E+02 1.755894E-02 2.465846E-01
36 1.889407E+02 1.925223E-02 2.839230E-01
37 1.568803E+02 1.661943E-02 1.415704E-01
38 1.470963E+02 1.449250E-02 1.541678E-01
39 1.684966E+02 1.132556E-02 3.811145E-02
40 1.717997E+02 1.407528E-02 8.606024E-02
41 1.760701E+02 1.678255E-02 7.531492E-02
42 1.805770E+02 1.189281E-02 -8.835440E-02
43 1.492013E+02 1.663515E-02 -6.623441E-02
44 1.938340E+02 1.709572E-02 -1.850766E-01
45 2.039373E+02 1.658557E-02 -1.381863E-01
46 1.487408E+02 1.609896E-02 -4.070703E-02
47 1.843615E+02 2.082766E-02 -2.109220E-02
48 1.986221E+02 2.157779E-02 -7.344190E-02
49 1.636235E+02 2.488142E-02 5.136792E-02
50 2.171302E+02 1.394098E-02 -5.484720E-02
51 1.958655E+02 1.132552E-02 -1.988521E-01
52 1.839195E+02 1.507644E-02 1.133737E-01
53 2.284574E+02 1.685459E-02 2.396108E-01
54 2.073612E+02 1.510216E-02 -5.221116E-02
55 2.076783E+02 1.777958E-02 7.660277E-02
56 2.352987E+02 2.507860E-02 1.845235E-01
57 2.104502E+02 2.863283E-02 1.937882E-01
58 2.215095E+02 2.492741E-02 1.500740E-01
59 2.076790E+02 1.827411E-02 5.999076E-02
60 1.986980E+02 1.681464E-02 9.452838E-02
61 2.264022E+02 1.803680E-02 -2.395950E-02
62 2.343711E+02 2.056825E-02 -4.818721E-01
63 2.080085E+02 2.163503E-02 -9.419252E-02
64 2.120095E+02 2.479424E-02 3.343219E-01
65 2.638373E+02 3.456646E-02 2.700322E-01
66 2.265788E+02 2.631574E-02 7.320027E-03
67 2.188064E+02 2.157011E-02 -7.408212E-03
68 2.411272E+02 1.990262E-02 8.293951E-02
69 2.311995E+02 1.715235E-02 1.157938E-01
70 2.486687E+02 2.533219E-02 2.434530E-01
71 2.395030E+02 2.897126E-02 1.044840E-01
72 2.260330E+02 2.599225E-02 -4.473296E-01
73 2.174258E+02 3.427084E-02 -4.558992E-01
74 2.446929E+02 5.895237E-02 -2.218922E-01
75 2.359595E+02 3.905223E-02 2.245325E-01
76 2.200432E+02 2.997653E-02 1.794789E-01
77 2.156943E+02 2.841118E-02 -7.836929E-02
78 2.370951E+02 3.594483E-02 -7.527206E-02
79 2.275580E+02 2.730268E-02 -1.508043E-01
80 2.648447E+02 3.816281E-02 -1.966155E-01
81 2.869190E+02 8.321571E-02 1.391902E-01
82 2.463712E+02 5.844407E-02 2.659001E-01
83 2.546924E+02 2.540642E-02 2.478561E-01
84 2.669771E+02 3.168148E-02 1.039922E-01
85 2.369888E+02 3.437827E-02 2.182639E-02
86 2.416005E+02 2.651109E-02 1.158154E-01
87 2.605610E+02 3.370986E-02 6.965171E-02
88 2.607870E+02 3.466463E-02 -1.445110E-01
89 3.115798E+02 3.563475E-02 -1.672024E-01
90 3.075120E+02 2.909126E-02 -2.267781E-03
91 3.085046E+02 3.675247E-02 -3.252666E-01
92 3.357129E+02 4.499590E-02 -5.868468E-01
93 3.392608E+02 5.622970E-02 4.970229E-02
94 3.387546E+02 3.157385E-02 1.276044E-01
95 3.544684E+02 2.363095E-02 -2.379912E-01
96 3.105589E+02 2.888610E-02 -5.520887E-02
97 3.427138E+02 5.940424E-02 3.168346E-01
98 4.379632E+02 4.258471E-02 5.280946E-02
99 3.406948E+02 3.453260E-02 -2.719267E-01
100 3.008234E+02 5.140502E-02 -2.170477E-01
101 3.583417E+02 4.619766E-02 1.405567E-01
102 3.974355E+02 5.009819E-02 -8.529512E-02
103 3.171065E+02 3.342478E-02 -1.813560E-01
104 3.674810E+02 5.002842E-02 -1.351982E-01
105 3.731482E+02 6.211477E-02 2.555200E-04
106 4.083636E+02 4.421562E-02 1.686078E-01
107 4.189126E+02 2.793837E-02 2.463340E-03
108 3.953422E+02 3.029703E-02 3.945734E-02
109 3.811114E+02 4.909276E-02 -2.399522E-02
110 3.896521E+02 4.153188E-02 -1.757183E-01
111 3.274797E+02 2.955379E-02 -1.980601E-01
112 3.382847E+02 3.115434E-02 -2.345476E-01
113 3.476660E+02 5.171708E-02 -1.360642E-01
114 3.428580E+02 5.493993E-02 6.035493E-02
115 3.929014E+02 3.349962E-02 -5.296123E-02
116 3.645051E+02 2.971856E-02 -6.215272E-02
117 3.472948E+02 3.765779E-02 2.073202E-02
118 3.768401E+02 5.528952E-02 -5.553275E-02
119 3.872727E+02 5.129770E-02 -1.559964E-01
120 3.579819E+02 5.707096E-02 1.064380E-01
121 3.418648E+02 9.525211E-02 5.763200E-01
122 3.295392E+02 6.857113E-02 9.149669E-02
123 3.434563E+02 1.136106E-01 1.032759E-01
124 3.114996E+02 1.038983E-01 7.334290E-01
125 2.929368E+02 8.433110E-02 3.596422E-01
126 3.047982E+02 1.149221E-01 2.489936E-01
127 3.232519E+02 1.164499E-01 7.255266E-01
128 3.976484E+02 5.707733E-02 3.936076E-01
129 3.269513E+02 7.808736E-02 2.109082E-01
130 3.198216E+02 8.078006E-02 1.479058E-01
131 3.432079E+02 8.727334E-02 2.952040E-01
132 3.778353E+02 1.233063E-01 5.690912E-01
133 3.973425E+02 8.230426E-02 1.217871E-01
134 3.553241E+02 9.016094E-02 -3.111418E-01
135 3.203616E+02 5.469826E-02 -4.776665E-03
136 3.030779E+02 1.051975E-01 2.708390E-01
137 2.914176E+02 9.384656E-02 2.973178E-02
138 2.824470E+02 8.393373E-02 7.948885E-02
139 2.955684E+02 1.022565E-01 -7.689998E-02
140 2.766014E+02 6.560596E-02 -1.915447E-01
141 2.671151E+02 7.337324E-02 8.935811E-03
142 2.813491E+02 5.136987E-02 1.320541E-01
143 2.787749E+02 8.178481E-02 2.690500E-01
144 3.044902E+02 6.652399E-02 2.339301E-01
145 3.508473E+02 8.046250E-02 3.771683E-01
146 3.258946E+02 2.165633E-02 5.614456E-02
147 2.660574E+02 8.421806E-02 3.216558E-02
148 2.631064E+02 8.960525E-02 -2.796225E-02
149 2.610373E+02 5.403737E-02 1.561686E-01
150 2.521348E+02 1.153697E-01 1.602525E-01
151 3.243027E+02 1.535125E-01 3.989605E-02
152 2.971050E+02 1.051632E-01 -2.894796E-02
153 2.373035E+02 1.043711E-01 -1.994989E-02
154 2.688859E+02 1.245481E-01 1.803767E-01
155 2.298784E+02 6.433411E-02 -1.105964E-01
156 2.189649E+02 9.697981E-02 -3.828981E-01
157 2.306077E+02 1.806175E-01 -3.912117E-01
158 2.356142E+02 1.881453E-01 -5.006831E-01
159 2.365556E+02 1.117830E-01 -2.278397E-01
160 2.423089E+02 9.080243E-02 1.423636E-01
161 2.611528E+02 7.475891E-02 -3.488945E-02
162 2.229255E+02 7.507319E-02 7.049121E-02
163 2.449813E+02 9.372105E-02 4.236925E-01
164 1.921688E+02 9.764913E-02 2.751377E-02
165 1.939830E+02 7.809170E-02 -9.991533E-02
166 1.826251E+02 8.387462E-02 3.632925E-01
167 2.021659E+02 8.617919E-02 1.603805E-01
168 1.941252E+02 1.201914E-01 1.306817E-02
169 1.813684E+02 1.083217E-01 4.379386E-01
170 1.942735E+02 1.131820E-01 1.145454E-01
171 1.860229E+02 1.299613E-01 -2.209196E-02
172 2.156411E+02 1.287273E-01 3.945650E-01
173 2.613787E+02 9.936334E-02 3.818715E-01
174 2.340477E+02 1.145221E-01 3.544812E-02
175 1.805770E+02 1.374573E-01 6.614640E-02
176 1.748011E+02 1.568566E-01 1.111341E-01
177 1.679720E+02 1.359093E-01 4.659938E-01
178 1.605730E+02 1.288528E-01 -2.080057E-01
179 1.556234E+02 1.309404E-01 -5.217404E-01
180 1.614873E+02 1.474648E-01 3.177457E-01
181 1.536471E+02 1.143306E-01 9.620991E-02
182 1.794676E+02 1.153892E-01 -1.872725E-01
183 1.710826E+02 1.437190E-01 4.315795E-01
184 1.961900E+02 1.049191E-01 3.322873E-01
185 1.610935E+02 1.547453E-01 -2.202231E-02
186 1.668724E+02 1.297385E-01 2.742329E-01
187 1.501161E+02 1.354372E-01 2.178604E-01
188 2.004124E+02 1.237939E-01 1.204395E-01
189 1.384849E+02 1.682076E-01 2.340968E-01
190 1.396162E+02 1.679736E-01 -9.771008E-03
191 1.554451E+02 1.807403E-01 4.546850E-02
192 1.349222E+02 1.370439E-01 3.472821E-01
193 1.507232E+02 1.322909E-01 1.275878E-01
194 1.356731E+02 1.321283E-01 1.668976E-01
195 1.347610E+02 1.094817E-01 7.946132E-02
196 1.610451E+02 1.612712E-01 -1.204822E-01
197 1.395459E+02 1.875741E-01 -2.699007E-01
198 1.422176E+02 1.545047E-01 -4.745640E-01
199 1.403330E+02 1.410014E-01 -2.037190E-01
200 1.306691E+02 1.825303E-01 2.150958E-01
201 1.237661E+02 1.686911E-01 3.198502E-01
202 1.268921E+02 1.518859E-01 2.728119E-01
203 1.522253E+02 1.540957E-01 5.649178E-01
204 1.281491E+02 1.807114E-01 3.561683E-01
205 1.157477E+02 1.210364E-01 -4.160179E-02
206 1.112361E+02 1.388023E-01 -1.580300E-01
207 1.123756E+02 1.499637E-01 1.632177E-02
208 1.118814E+02 1.740304E-01 8.430119E-02
209 1.119267E+02 2.102648E-01 -2.090447E-02
210 1.311623E+02 1.438267E-01 -2.360444E-02
211 1.263805E+02 1.370392E-01 1.299606E-01
212 1.056454E+02 1.702532E-01 8.816538E-02
213 1.150590E+02 1.791298E-01 -4.680060E-02
214 9.995906E+01 1.521595E-01 -1.399712E-01
215 1.126147E+02 1.372155E-01 -7.207021E-03
216 8.763085E+01 1.369704E-01 2.926909E-01
217 9.351398E+01 1.685463E-01 2.715963E-01
218 8.212323E+01 1.377580E-01 1.634869E-01
219 8.005394E+01 1.550862E-01 3.570296E-01
220 7.798630E+01 1.337176E-01 1.496923E-01
221 8.205148E+01 2.048171E-01 2.191306E-02
222 8.215639E+01 1.716684E-01 1.771516E-01
223 8.925921E+01 2.148999E-01 -1.063164E-01
224 8.606411E+01 1.813663E-01 -6.549689E-02
225 7.913725E+01 1.652095E-01 3.239643E-01
226 1.245876E+02 1.648900E-01 2.183438E-01
227 8.450458E+01 1.734900E-01 1.361934E-01
228 8.473202E+01 1.692728E-01 2.500060E-01
229 6.388403E+01 1.725505E-01 -8.522408E-03
230 8.284158E+01 1.617746E-01 1.169614E-01
231 6.476905E+01 1.486275E-01 1.388742E-01
232 5.944822E+01 1.975615E-01 -7.961594E-03
233 5.761506E+01 1.831347E-01 1.972250E-01
234 5.659379E+01 2.525986E-01 1.368859E-01
235 9.220572E+01 1.935543E-01 5.147367E-02
236 9.810336E+01 2.757178E-01 1.081519E-01
237 5.561496E+01 2.380092E-01 5.908701E-02
238 5.653366E+01 1.848476E-01 1.355427E-01
239 5.626028E+01 1.924995E-01 2.150183E-01
240 8.744009E+01 2.006636E-01 2.254231E-01
241 5.162033E+01 2.143248E-01 1.705665E-01
242 4.606858E+01 1.886899E-01 1.436386E-01
243 4.554455E+01 1.758318E-01 1.319926E-01
244 4.107783E+01 1.581225E-01 1.066003E-01
245 3.917698E+01 1.179634E-01 1.988208E-01
246 4.707982E+01 1.515531E-01 3.027136E-01
247 5.268928E+01 2.032980E-01 2.215425E-01
248 4.229286E+01 1.754751E-01 7.998674E-02
249 5.913216E+01 1.928569E-01 -3.141018E-03
250 4.624980E+01 1.984011E-01 -6.822066E-02
251 3.672467E+01 2.078750E-01 -1.681755E-01
252 3.681848E+01 2.057033E-01 -2.187561E-01
253 3.856834E+01 2.068457E-01 -2.560012E-01
254 3.768465E+01 1.631628E-01 -1.738657E-01
255 3.321287E+01 2.035028E-01 1.966181E-02
256 3.542254E+01 1.622657E-01 9.085161E-02
257 3.353220E+01 1.454840E-01 6.943454E-02
258 4.223670E+01 1.753685E-01 1.636114E-01
259 4.065105E+01 1.781375E-01 8.518555E-02
260 3.364741E+01 2.619460E-01 1.468099E-02
261 3.904847E+01 2.191155E-01 7.295378E-02
262 2.857698E+01 2.031671E-01 1.465923E-01
263 2.700232E+01 1.853677E-01 1.226265E-01
264 3.137698E+01 2.604044E-01 -5.432188E-02
265 5.371187E+01 1.618433E-01 -1.229702E-01
266 6.100836E+01 2.251301E-01 -2.267307E-01
267 3.774884E+01 2.038213E-01 -3.684493E-01
268 2.517543E+01 2.214123E-01 -3.265537E-01
269 7.054674E+01 1.926651E-01 1.461280E-01
270 2.550255E+01 2.090315E-01 -1.419503E-01
271 3.997579E+01 1.801405E-01 -2.484476E-01
272 3.290085E+01 1.674449E-01 7.856517E-02
273 5.808667E+01 1.839922E-01 -1.066501E-01
274 2.076388E+01 1.964166E-01 -1.059289E-01
275 2.596948E+01 2.786717E-01 1.637736E-02
276 5.802461E+01 2.685110E-01 -6.893549E-02
277 2.943762E+01 2.411157E-01 -4.325444E-02
278 2.227699E+01 2.798672E-01 2.095722E-02
279 2.542917E+01 1.920537E-01 -1.883244E-02
280 2.404014E+01 2.651683E-01 1.007113E-01
281 2.582498E+01 1.980520E-01 8.057506E-02
282 5.405808E+01 2.714991E-01 1.405751E-01
283 2.547462E+01 2.334350E-01 1.829398E-01
284 3.287148E+01 1.905498E-01 1.300441E-01
285 2.348284E+01 2.187853E-01 1.653925E-01
286 3.145356E+01 2.261232E-01 2.698244E-01
287 2.254822E+01 2.612619E-01 2.160877E-01
288 4.465575E+01 2.746425E-01 1.425934E-01
289 3.529348E+01 1.585728E-01 1.240497E-01
290 2.321170E+01 1.866656E-01 2.905941E-01
291 2.372176E+01 2.211922E-01 2.444230E-01
292 2.782844E+01 1.643645E-01 1.145240E-01
293 3.029433E+01 1.831498E-01 1.396155E-01
294 3.815589E+01 2.777051E-01 1.453192E-01
295 2.498149E+01 2.735418E-01 8.990423E-02
296 2.921902E+01 1.973907E-01 -1.273032E-02
297 4.366125E+01 1.540424E-01 -1.207779E-02
298 2.348281E+01 2.003821E-01 8.209707E-02
299 4.004271E+01 1.681464E-01 2.602808E-01
300 2.458821E+01 1.635886E-01 2.345255E-01
301 2.696909E+01 2.002949E-01 2.131778E-01
302 3.290669E+01 1.820008E-01 1.504370E-01
303 2.462616E+01 2.163108E-01 1.530400E-01
304 3.054046E+01 3.117414E-01 2.905634E-02
305 2.317029E+01 2.580574E-01 3.150669E-02
306 2.396661E+01 2.551647E-01 1.268232E-02
307 3.033693E+01 2.138523E-01 -3.951171E-02
308 2.927465E+01 2.661171E-01 8.705872E-02
309 2.415237E+01 2.791228E-01 1.077776E-01
310 2.445532E+01 1.686474E-01 1.308711E-01
311 2.515295E+01 1.709582E-01 1.983901E-01
312 2.496943E+01 2.315791E-01 1.858082E-01
313 2.599308E+01 2.762421E-01 1.770915E-01
314 2.706422E+01 2.082752E-01 7.600475E-02
315 2.613477E+01 1.651547E-01 1.626426E-01
316 2.348751E+01 2.617417E-01 3.673210E-01
317 2.580120E+01 1.973387E-01 3.765734E-01
318 2.526102E+01 2.097046E-01 3.856499E-01
319 3.723517E+01 2.572542E-01 -4.716726E-02
320 7.422226E+01 1.670076E-01 -3.472565E-01
321 2.718155E+01 2.308714E-01 4.497164E-03
322 2.264204E+01 1.873452E-01 7.356002E-02
323 2.528269E+01 2.479006E-01 -3.286958E-02
324 2.204152E+01 3.003527E-01 1.554771E-01
325 2.433863E+01 3.615215E-01 3.754037E-02
326 3.333014E+01 3.135730E-01 -1.442273E-02
327 2.121946E+01 2.320054E-01 1.439421E-01
328 2.107363E+01 2.655992E-01 2.124297E-01
329 2.511006E+01 2.332969E-01 2.266939E-01
330 2.195550E+01 2.840523E-01 2.929406E-01
331 1.921555E+01 2.533386E-01 6.565137E-02
332 1.956785E+01 2.287335E-01 2.913432E-02
333 2.790899E+01 2.398905E-01 -1.380606E-02
334 3.357784E+01 2.352536E-01 -9.655808E-02
335 1.739256E+01 3.658755E-01 8.832417E-02
336 1.800646E+01 3.194457E-01 1.949386E-01
337 2.001239E+01 3.141553E-01 1.515630E-01
338 1.778251E+01 3.998165E-01 2.716748E-01
339 2.458477E+01 3.914044E-01 3.408021E-02
340 1.878703E+01 2.740743E-01 3.961028E-02
341 3.098501E+01 2.398185E-01 3.339414E-01
342 2.485747E+01 2.251707E-01 3.265702E-01
343 1.888797E+01 2.831516E-01 2.250127E-01
344 1.998906E+01 2.380809E-01 4.327867E-02
345 2.434973E+01 2.328394E-01 9.032817E-02
346 1.834655E+01 2.201196E-01 3.066791E-01
347 2.142596E+01 2.713085E-01 2.727395E-01
348 1.854885E+01 2.120557E-01 6.898965E-02
349 1.819765E+01 2.362713E-01 1.099933E-01
350 1.791623E+01 2.632685E-01 1.135101E-01
351 1.772510E+01 2.965602E-01 1.098677E-01
352 2.207975E+01 2.486044E-01 6.585095E-02
353 2.173888E+01 2.630347E-01 -4.000002E-02
354 1.997129E+01 2.477994E-01 -6.583890E-02
355 2.293653E+01 2.831818E-01 -2.969049E-02
356 2.638696E+01 2.820450E-01 -9.271055E-02
357 2.674977E+01 2.687094E-01 -7.289588E-02
358 2.247630E+01 3.184247E-01 -8.838131E-02
359 2.414701E+01 2.560323E-01 -3.245861E-02
360 2.297346E+01 2.524349E-01 1.553872E-02
361 2.944620E+01 2.470658E-01 -5.077235E-02
362 2.680062E+01 2.270961E-01 -1.186833E-01
363 2.634209E+01 2.062624E-01 -4.947550E-02
364 2.652541E+01 3.560006E-01 -7.276754E-02
365 2.636846E+01 2.480220E-01 -9.484469E-02
366 2.675835E+01 3.214065E-01 -8.923927E-02
367 2.730067E+01 2.592159E-01 -1.993980E-01
368 2.852047E+01 1.929769E-01 -2.633756E-01
369 3.130296E+01 2.005014E-01 -2.489925E-01
370 3.019599E+01 2.264968E-01 -3.031304E-01
371 3.139868E+01 2.523570E-01 -3.955680E-01
372 3.254057E+01 3.039488E-01 -3.177876E-01
373 3.351416E+01 2.825562E-01 -2.088839E-01
374 3.842104E+01 2.189727E-01 -5.360615E-02
375 3.213148E+01 2.817015E-01 7.544969E-02
376 3.576371E+01 2.985514E-01 2.286286E-02
377 3.384504E+01 3.261206E-01 -3.564409E-03
378 3.550151E+01 3.226404E-01 1.056890E-02
379 3.672059E+01 2.445807E-01 -1.068935E-01
380 4.920005E+01 2.813095E-01 -1.073581E-02
381 5.117546E+01 3.206463E-01 -1.046314E-02
382 3.593571E+01 2.555251E-01 -7.334290E-02
383 3.572111E+01 1.943100E-01 6.831216E-02
384 3.956850E+01 2.817859E-01 1.036287E-01
385 3.885607E+01 2.988345E-01 -1.499697E-01
386 3.866881E+01 3.456125E-01 -1.692401E-01
387 3.987059E+01 2.696319E-01 -1.814826E-01
388 3.952750E+01 2.057914E-01 -1.677086E-01
389 3.946652E+01 3.658158E-01 -7.248314E-02
390 4.141078E+01 4.060173E-01 -6.444329E-02
391 4.151555E+01 3.270853E-01 -1.154215E-01
392 3.996926E+01 3.609124E-01 -8.763289E-02
393 4.149992E+01 3.791993E-01 -1.545914E-01
394 4.027527E+01 3.856396E-01 -2.326836E-01
395 4.112616E+01 2.739135E-01 -2.189552E-01
396 4.037709E+01 2.480888E-01 -2.563142E-01
397 4.342145E+01 2.576589E-01 -1.154266E-01
398 4.417930E+01 2.338896E-01 5.700316E-02
399 4.088597E+01 2.385770E-01 -6.241949E-02
400 4.578899E+01 2.589146E-01 -5.747666E-02
401 4.097030E+01 3.064360E-01 1.649567E-03
402 4.101939E+01 2.595609E-01 -1.229281E-01
403 3.989706E+01 2.732286E-01 -4.811521E-02
404 4.889943E+01 2.393656E-01 1.635108E-01
405 4.198977E+01 2.801188E-01 2.831740E-02
406 3.969687E+01 3.066357E-01 -2.743636E-02
407 4.059721E+01 3.049645E-01 1.072670E-02
408 4.040966E+01 3.218537E-01 -3.594749E-02
409 3.998319E+01 2.848716E-01 5.140590E-02
410 4.361864E+01 3.062160E-01 3.578334E-02
411 4.087313E+01 2.440530E-01 2.441360E-02
412 3.987084E+01 2.099847E-01 3.568349E-02
413 4.117915E+01 2.680409E-01 -2.761858E-02
414 3.872610E+01 1.941368E-01 7.265804E-03
415 4.057347E+01 2.736994E-01 9.037524E-02
416 4.491011E+01 2.443249E-01 4.930114E-02
417 4.019790E+01 2.117933E-01 7.077141E-02
418 4.375539E+01 2.013461E-01 1.791886E-02
419 4.007716E+01 2.265563E-01 5.746292E-02
420 4.114731E+01 2.675038E-01 2.381272E-01
421 3.881494E+01 2.221691E-01 1.809663E-01
422 4.011014E+01 2.036418E-01 1.055415E-01
423 3.741931E+01 2.602738E-01 2.560270E-01
424 3.854491E+01 2.164273E-01 1.705344E-01
425 4.099658E+01 1.858449E-01 9.373805E-02
426 3.855057E+01 2.082451E-01 1.719622E-01
427 3.964512E+01 2.168248E-01 9.119424E-02
428 3.784620E+01 2.589320E-01 3.751513E-02
429 3.719314E+01 2.281422E-01 8.605355E-02
430 3.606292E+01 2.410914E-01 1.588150E-01
431 3.587503E+01 1.870337E-01 1.601253E-01
432 3.579246E+01 1.612935E-01 1.370337E-01
433 3.996179E+01 1.883379E-01 1.200729E-01
434 3.768288E+01 2.412723E-01 1.157632E-01
435 3.574142E+01 2.133098E-01 7.437353E-02
436 3.513401E+01 2.435814E-01 4.076698E-02
437 3.756993E+01 2.411066E-01 -3.001133E-02
438 3.621180E+01 2.691008E-01 -8.112954E-02
439 3.796412E+01 2.378287E-01 4.096949E-02
440 4.369055E+01 2.208212E-01 8.890916E-02
441 3.708354E+01 2.230195E-01 1.016041E-02
442 3.548567E+01 2.369336E-01 -1.295421E-02
443 3.742201E+01 2.406976E-01 1.313822E-02
444 3.596280E+01 1.939787E-01 -4.130030E-03
445 3.564296E+01 2.681564E-01 -1.413970E-02
446 4.324628E+01 2.806270E-01 -6.183210E-03
447 3.754405E+01 2.256761E-01 -4.001963E-02
448 4.125004E+01 2.604699E-01 -3.766828E-02
449 3.740373E+01 2.035706E-01 -1.274704E-02
450 3.908281E+01 2.582435E-01 -1.186949E-01
451 4.288374E+01 2.434534E-01 6.527972E-02
452 5.706181E+01 2.272949E-01 2.223640E-01
453 3.783587E+01 2.349448E-01 -1.404910E-02
454 3.962103E+01 2.523899E-01 -1.212002E-01
455 4.040570E+01 2.409777E-01 -8.917551E-02
456 4.047671E+01 2.376176E-01 -1.093018E-01
457 4.144949E+01 2.142321E-01 -1.028877E-01
458 4.173505E+01 3.332421E-01 -2.887671E-01
459 4.170618E+01 2.403958E-01 -2.742930E-01
460 4.245884E+01 2.446917E-01 -1.924912E-01
461 4.182282E+01 2.455473E-01 -1.326751E-01
462 4.223838E+01 2.767630E-01 -9.176518E-02
463 4.303204E+01 2.592012E-01 -1.488580E-01
464 4.398638E+01 2.793659E-01 -2.562658E-01
465 5.104670E+01 2.403873E-01 -3.942031E-01
466 4.796844E+01 2.661351E-01 -5.776905E-01
467 4.942456E+01 2.524644E-01 -4.260845E-01
468 6.245469E+01 2.690331E-01 -3.132230E-01
469 6.169820E+01 2.738690E-01 -5.005206E-01
470 4.932067E+01 2.405069E-01 -5.014146E-01
471 4.922968E+01 2.822842E-01 -5.006243E-01
472 4.852308E+01 2.736082E-01 -5.466498E-01
473 5.117091E+01 2.803818E-01 -5.024211E-01
474 5.337788E+01 2.534246E-01 -4.728482E-01
475 5.445342E+01 2.720916E-01 -5.254766E-01
476 5.461347E+01 2.175405E-01 -4.014941E-01
477 5.366697E+01 2.883221E-01 -5.888098E-01
478 5.261839E+01 2.698224E-01 -5.791533E-01
479 5.297771E+01 2.950262E-01 -5.582262E-01
480 5.526339E+01 2.746777E-01 -6.364308E-01
481 5.711245E+01 3.092503E-01 -6.485097E-01
482 5.490997E+01 2.784804E-01 -6.270445E-01
483 5.676295E+01 2.925997E-01 -7.078029E-01
484 5.628983E+01 2.537575E-01 -5.327758E-01
485 5.770698E+01 2.610261E-01 -5.739481E-01
486 5.739898E+01 2.833475E-01 -6.108212E-01
487 5.724186E+01 3.004057E-01 -5.585639E-01
488 5.871031E+01 2.968740E-01 -6.003406E-01
489 7.307042E+01 3.052407E-01 -6.107396E-01
490 6.088739E+01 3.118544E-01 -6.628330E-01
491 6.347715E+01 2.933909E-01 -7.456877E-01
492 6.574171E+01 3.027962E-01 -6.935908E-01
493 6.553338E+01 2.752310E-01 -6.237716E-01
494 6.023049E+01 2.916027E-01 -5.786446E-01
495 6.650592E+01 2.946754E-01 -3.521545E-01
496 6.295514E+01 2.651950E-01 -2.816167E-01
497 6.067171E+01 2.879631E-01 -5.179000E-01
498 6.080712E+01 3.001100E-01 -5.768551E-01
499 6.049978E+01 2.641443E-01 -3.992004E-01
500 5.998547E+01 2.948153E-01 -3.845618E-01
501 5.991689E+01 2.854822E-01 -3.232450E-01
502 6.280601E+01 3.015993E-01 -2.118226E-01
503 5.999129E+01 2.950906E-01 -2.472219E-01
504 5.838860E+01 2.770414E-01 -2.338142E-01
505 5.879416E+01 2.755158E-01 -1.846450E-01
506 5.971535E+01 2.882815E-01 -2.170813E-01
507 6.002153E+01 2.969427E-01 -6.452489E-02
508 5.653796E+01 2.794142E-01 -1.059042E-01
509 5.769061E+01 2.670611E-01 -1.842403E-01
510 6.554892E+01 2.501172E-01 -2.716814E-02
511 6.987947E+01 2.594947E-01 -7.796543E-02
512 5.688861E+01 2.705683E-01 -1.428803E-01
513 5.445945E+01 2.664207E-01 -1.063166E-01
514 5.386944E+01 2.855849E-01 -1.460839E-01
515 5.598423E+01 2.589869E-01 -8.272239E-02
516 5.534180E+01 2.645942E-01 6.238598E-02
517 5.740110E+01 2.913295E-01 1.843100E-01
518 5.715196E+01 2.777072E-01 1.756992E-01
519 5.279394E+01 3.044739E-01 1.175377E-01
520 5.321108E+01 2.732759E-01 2.450430E-01
521 5.217306E+01 2.581447E-01 2.504905E-01
522 5.272317E+01 2.535104E-01 8.955511E-02
523 5.776885E+01 2.671989E-01 6.007734E-02
524 5.252242E+01 2.664973E-01 6.007990E-02
525 5.219491E+01 3.034719E-01 5.374862E-02
526 5.462962E+01 2.407479E-01 9.453721E-02
527 5.640142E+01 2.482950E-01 3.474616E-02
528 5.373556E+01 2.548027E-01 -6.888282E-02
529 5.182873E+01 2.509027E-01 1.083111E-02
530 5.145440E+01 2.337720E-01 4.673788E-02
531 5.136641E+01 2.441680E-01 9.190378E-03
532 5.144606E+01 2.342290E-01 5.984495E-02
533 5.140660E+01 2.563573E-01 1.300627E-02
534 5.272787E+01 2.608150E-01 2.723146E-02
535 5.230955E+01 2.565061E-01 1.212994E-01
536 5.187456E+01 2.684461E-01 6.536397E-02
537 5.237845E+01 2.624602E-01 6.145970E-02
538 5.334666E+01 2.497703E-01 2.840977E-01
539 5.263181E+01 2.889337E-01 2.360381E-01
540 5.848754E+01 2.552771E-01 4.040301E-02
541 5.669012E+01 2.547877E-01 2.219396E-01
542 6.754988E+01 2.314736E-01 1.496553E-01
543 5.394140E+01 2.245922E-01 5.751804E-02
544 5.508959E+01 2.401093E-01 5.107178E-02
545 5.462609E+01 2.548108E-01 -3.297833E-02
546 5.529423E+01 2.480613E-01 1.091776E-01
547 6.358396E+01 2.248266E-01 3.410762E-01
548 6.884330E+01 2.518427E-01 1.569557E-01
549 5.707577E+01 2.424837E-01 4.327656E-02
550 5.848725E+01 2.348354E-01 2.372961E-02
551 5.781095E+01 2.311470E-01 -5.014270E-02
552 6.068635E+01 2.665066E-01 2.221411E-02
553 5.953641E+01 2.748830E-01 -1.693786E-02
554 6.239008E+01 2.523116E-01 -4.873559E-02
555 6.168778E+01 2.547017E-01 6.107543E-02
556 5.883118E+01 2.566441E-01 1.646213E-02
557 5.911258E+01 2.696943E-01 -1.898273E-01
558 5.950259E+01 2.923169E-01 -2.144123E-01
559 6.478278E+01 2.741185E-01 -1.073515E-01
560 5.988912E+01 2.475565E-01 -1.901609E-01
561 6.061718E+01 2.501264E-01 -2.751681E-01
562 6.135560E+01 2.777587E-01 -2.251754E-01
563 6.171967E+01 2.672534E-01 -2.151984E-01
564 6.148175E+01 2.637952E-01 -2.715078E-01
565 6.617717E+01 2.519691E-01 -3.937293E-02
566 6.181343E+01 2.647810E-01 -1.092966E-01
567 6.319964E+01 2.395927E-01 -2.306863E-01
568 6.745467E+01 2.535496E-01 -7.471085E-02
569 6.626971E+01 2.714510E-01 -6.052151E-02
570 6.644713E+01 2.762812E-01 -1.489988E-01
571 6.951119E+01 2.983189E-01 -1.150373E-01
572 7.471402E+01 2.750390E-01 -9.794290E-02
573 6.932928E+01 2.780495E-01 -7.975542E-02
574 6.920226E+01 2.828835E-01 3.325177E-02
575 7.506902E+01 2.678880E-01 -2.028332E-02
576 7.293832E+01 2.611644E-01 -1.298254E-01
577 7.092091E+01 2.678489E-01 -9.833068E-02
578 7.723420E+01 3.046942E-01 -1.741061E-01
579 7.340626E+01 2.838459E-01 -2.420377E-01
580 7.514041E+01 2.802690E-01 -1.344983E-01
581 7.548200E+01 2.755097E-01 -1.741492E-01
582 7.219092E+01 2.703071E-01 -2.572517E-01
583 7.146735E+01 3.032097E-01 -1.931157E-01
584 7.462633E+01 2.585004E-01 -1.970869E-01
585 8.281498E+01 2.456370E-01 -1.348855E-01
586 8.094962E+01 2.486236E-01 -9.940925E-02
587 7.833441E+01 3.085936E-01 -1.501332E-01
588 8.199124E+01 2.924471E-01 -9.604463E-02
589 7.658114E+01 2.679485E-01 -2.491526E-01
590 7.763683E+01 2.437795E-01 -1.911232E-01
591 8.667078E+01 2.882149E-01 4.464573E-02
592 7.597648E+01 2.882156E-01 -4.407315E-01
593 7.385632E+01 3.100790E-01 -5.351599E-01
594 8.844265E+01 2.831230E-01 -2.432596E-01
595 7.469785E+01 2.798518E-01 -3.186787E-01
596 7.632821E+01 2.613148E-01 -3.248810E-01
597 7.623947E+01 2.648432E-01 -2.230486E-01
598 7.946940E+01 2.648287E-01 -1.225973E-01
599 7.806631E+01 2.536136E-01 -1.719110E-01
600 7.631757E+01 2.902906E-01 -2.373754E-01
601 7.657134E+01 2.773185E-01 -1.916484E-01
602 7.571427E+01 2.959814E-01 -3.748116E-01
603 7.626228E+01 2.914672E-01 -5.408222E-01
604 7.696882E+01 3.032524E-01 -4.296013E-01
605 8.522136E+01 3.145734E-01 -3.368722E-01
606 7.615691E+01 3.093742E-01 -4.317556E-01
607 7.433326E+01 2.988251E-01 -4.745270E-01
608 7.859987E+01 2.879701E-01 -3.787249E-01
609 7.653683E+01 2.849466E-01 -3.464677E-01
610 7.394720E+01 2.747266E-01 -4.644608E-01
611 7.577317E+01 2.878307E-01 -3.883668E-01
612 8.336908E+01 2.921454E-01 -2.997489E-01
613 7.826606E+01 2.974024E-01 -2.643105E-01
614 8.250153E+01 2.893676E-01 -1.142998E-01
615 7.605411E+01 2.798976E-01 -1.304755E-01
616 6.992988E+01 2.750179E-01 -1.818845E-01
617 7.249220E+01 2.770245E-01 -7.202898E-02
618 7.981062E+01 2.859126E-01 3.289179E-02
619 7.235546E+01 2.979063E-01 1.842043E-02
620 7.018802E+01 2.577765E-01 -8.077704E-02
