#L TT           EE
10 5.480768E-07 1.096154E-06
11 6.577087E-07 1.315417E-06
12 7.773134E-07 1.554627E-06
13 9.068926E-07 1.813785E-06
14 1.046448E-06 2.092896E-06
15 1.195982E-06 2.391963E-06
16 1.355495E-06 2.710991E-06
17 1.524992E-06 3.049983E-06
18 1.704473E-06 3.408945E-06
19 1.893941E-06 3.787881E-06
20 2.093399E-06 4.186797E-06
21 2.302849E-06 4.605698E-06
22 2.522295E-06 5.044590E-06
23 2.751739E-06 5.503478E-06
24 2.991185E-06 5.982369E-06
25 3.240635E-06 6.481270E-06
26 3.500094E-06 7.000187E-06
27 3.769564E-06 7.539128E-06
28 4.049050E-06 8.098100E-06
29 4.338555E-06 8.677110E-06
30 4.638083E-06 9.276166E-06
31 4.947639E-06 9.895277E-06
32 5.267226E-06 1.053445E-05
33 5.596849E-06 1.119370E-05
34 5.936512E-06 1.187302E-05
35 6.286220E-06 1.257244E-05
36 6.645978E-06 1.329196E-05
37 7.015791E-06 1.403158E-05
38 7.395663E-06 1.479133E-05
39 7.785600E-06 1.557120E-05
40 8.185607E-06 1.637121E-05
41 8.595690E-06 1.719138E-05
42 9.015854E-06 1.803171E-05
43 9.446105E-06 1.889221E-05
44 9.886448E-06 1.977290E-05
45 1.033689E-05 2.067378E-05
46 1.079744E-05 2.159487E-05
47 1.126809E-05 2.253619E-05
48 1.174887E-05 2.349774E-05
49 1.223977E-05 2.447954E-05
50 1.274080E-05 2.548160E-05
51 1.325196E-05 2.650393E-05
52 1.377327E-05 2.754655E-05
53 1.430474E-05 2.860947E-05
54 1.484636E-05 2.969271E-05
55 1.539814E-05 3.079628E-05
56 1.596010E-05 3.192020E-05
57 1.653224E-05 3.306448E-05
58 1.711457E-05 3.422913E-05
59 1.770709E-05 3.541418E-05
60 1.830982E-05 3.661963E-05
61 1.892276E-05 3.784551E-05
62 1.954591E-05 3.909183E-05
63 2.017930E-05 4.035861E-05
64 2.082293E-05 4.164586E-05
65 2.147680E-05 4.295360E-05
66 2.214092E-05 4.428185E-05
67 2.281531E-05 4.563062E-05
68 2.349997E-05 4.699994E-05
69 2.419491E-05 4.838983E-05
70 2.490015E-05 4.980029E-05
71 2.561568E-05 5.123135E-05
72 2.634152E-05 5.268304E-05
73 2.707768E-05 5.415536E-05
74 2.782417E-05 5.564833E-05
75 2.858099E-05 5.716199E-05
76 2.934817E-05 5.869634E-05
77 3.012571E-05 6.025141E-05
78 3.091361E-05 6.182722E-05
79 3.171189E-05 6.342378E-05
80 3.252056E-05 6.504113E-05
81 3.333964E-05 6.667928E-05
82 3.416912E-05 6.833825E-05
83 3.500903E-05 7.001806E-05
84 3.585937E-05 7.171874E-05
85 3.672015E-05 7.344031E-05
86 3.759139E-05 7.518278E-05
87 3.847310E-05 7.694620E-05
88 3.936528E-05 7.873057E-05
89 4.026796E-05 8.053591E-05
90 4.118113E-05 8.236227E-05
91 4.210482E-05 8.420965E-05
92 4.303904E-05 8.607808E-05
93 4.398379E-05 8.796758E-05
94 4.493909E-05 8.987819E-05
95 4.590496E-05 9.180992E-05
96 4.688140E-05 9.376280E-05
97 4.786843E-05 9.573685E-05
98 4.886605E-05 9.773211E-05
99 4.987429E-05 9.974859E-05
100 5.089316E-05 1.017863E-04
101 5.192267E-05 1.038453E-04
102 5.296282E-05 1.059256E-04
103 5.401365E-05 1.080273E-04
104 5.507515E-05 1.101503E-04
105 5.614734E-05 1.122947E-04
106 5.723024E-05 1.144605E-04
107 5.832386E-05 1.166477E-04
108 5.942822E-05 1.188564E-04
109 6.054332E-05 1.210866E-04
110 6.166918E-05 1.233384E-04
111 6.280583E-05 1.256117E-04
112 6.395326E-05 1.279065E-04
113 6.511149E-05 1.302230E-04
114 6.628055E-05 1.325611E-04
115 6.746044E-05 1.349209E-04
116 6.865118E-05 1.373024E-04
117 6.985279E-05 1.397056E-04
118 7.106527E-05 1.421305E-04
119 7.228865E-05 1.445773E-04
120 7.352294E-05 1.470459E-04
121 7.476815E-05 1.495363E-04
122 7.602431E-05 1.520486E-04
123 7.729142E-05 1.545828E-04
124 7.856951E-05 1.571390E-04
125 7.985858E-05 1.597172E-04
126 8.115866E-05 1.623173E-04
127 8.246975E-05 1.649395E-04
128 8.379189E-05 1.675838E-04
129 8.512507E-05 1.702501E-04
130 8.646933E-05 1.729387E-04
131 8.782467E-05 1.756493E-04
132 8.919112E-05 1.783822E-04
133 9.056868E-05 1.811374E-04
134 9.195738E-05 1.839148E-04
135 9.335724E-05 1.867145E-04
136 9.476826E-05 1.895365E-04
137 9.619047E-05 1.923809E-04
138 9.762389E-05 1.952478E-04
139 9.906853E-05 1.981371E-04
140 1.005244E-04 2.010488E-04
141 1.019915E-04 2.039831E-04
142 1.034700E-04 2.069399E-04
143 1.049597E-04 2.099193E-04
144 1.064607E-04 2.129214E-04
145 1.079730E-04 2.159460E-04
146 1.094967E-04 2.189934E-04
147 1.110318E-04 2.220635E-04
148 1.125782E-04 2.251564E-04
149 1.141361E-04 2.282721E-04
150 1.157053E-04 2.314107E-04
151 1.172860E-04 2.345721E-04
152 1.188782E-04 2.377564E-04
153 1.204818E-04 2.409637E-04
154 1.220970E-04 2.441940E-04
155 1.237236E-04 2.474473E-04
156 1.253618E-04 2.507237E-04
157 1.270116E-04 2.540232E-04
158 1.286729E-04 2.573458E-04
159 1.303458E-04 2.606916E-04
160 1.320303E-04 2.640607E-04
161 1.337265E-04 2.674530E-04
162 1.354343E-04 2.708686E-04
163 1.371538E-04 2.743076E-04
164 1.388850E-04 2.777700E-04
165 1.406279E-04 2.812558E-04
166 1.423825E-04 2.847650E-04
167 1.441489E-04 2.882978E-04
168 1.459270E-04 2.918541E-04
169 1.477170E-04 2.954340E-04
170 1.495188E-04 2.990375E-04
171 1.513324E-04 3.026647E-04
172 1.531578E-04 3.063157E-04
173 1.549952E-04 3.099903E-04
174 1.568444E-04 3.136888E-04
175 1.587056E-04 3.174111E-04
176 1.605787E-04 3.211574E-04
177 1.624637E-04 3.249275E-04
178 1.643608E-04 3.287216E-04
179 1.662699E-04 3.325397E-04
180 1.681909E-04 3.363819E-04
181 1.701241E-04 3.402482E-04
182 1.720693E-04 3.441386E-04
183 1.740266E-04 3.480532E-04
184 1.759960E-04 3.519920E-04
185 1.779776E-04 3.559551E-04
186 1.799713E-04 3.599426E-04
187 1.819772E-04 3.639544E-04
188 1.839953E-04 3.679906E-04
189 1.860256E-04 3.720513E-04
190 1.880682E-04 3.761364E-04
191 1.901231E-04 3.802462E-04
192 1.921902E-04 3.843805E-04
193 1.942697E-04 3.885394E-04
194 1.963615E-04 3.927231E-04
195 1.984657E-04 3.969314E-04
196 2.005823E-04 4.011646E-04
197 2.027113E-04 4.054226E-04
198 2.048527E-04 4.097054E-04
199 2.070066E-04 4.140132E-04
200 2.091730E-04 4.183459E-04
201 2.113518E-04 4.227037E-04
202 2.135432E-04 4.270865E-04
203 2.157472E-04 4.314944E-04
204 2.179637E-04 4.359275E-04
205 2.201929E-04 4.403857E-04
206 2.224346E-04 4.448693E-04
207 2.246891E-04 4.493781E-04
208 2.269562E-04 4.539123E-04
209 2.292360E-04 4.584719E-04
210 2.315285E-04 4.630570E-04
211 2.338338E-04 4.676675E-04
212 2.361518E-04 4.723036E-04
213 2.384826E-04 4.769653E-04
214 2.408263E-04 4.816526E-04
215 2.431828E-04 4.863657E-04
216 2.455522E-04 4.911045E-04
217 2.479345E-04 4.958691E-04
218 2.503298E-04 5.006595E-04
219 2.527379E-04 5.054758E-04
220 2.551591E-04 5.103181E-04
221 2.575932E-04 5.151865E-04
222 2.600404E-04 5.200808E-04
223 2.625006E-04 5.250013E-04
224 2.649740E-04 5.299479E-04
225 2.674604E-04 5.349207E-04
226 2.699599E-04 5.399198E-04
227 2.724726E-04 5.449453E-04
228 2.749985E-04 5.499971E-04
229 2.775376E-04 5.550753E-04
230 2.800900E-04 5.601799E-04
231 2.826556E-04 5.653112E-04
232 2.852345E-04 5.704690E-04
233 2.878267E-04 5.756534E-04
234 2.904323E-04 5.808645E-04
235 2.930512E-04 5.861024E-04
236 2.956835E-04 5.913670E-04
237 2.983293E-04 5.966585E-04
238 3.009885E-04 6.019769E-04
239 3.036612E-04 6.073223E-04
240 3.063474E-04 6.126947E-04
241 3.090471E-04 6.180942E-04
242 3.117604E-04 6.235207E-04
243 3.144873E-04 6.289745E-04
244 3.172278E-04 6.344555E-04
245 3.199819E-04 6.399638E-04
246 3.227497E-04 6.454994E-04
247 3.255312E-04 6.510625E-04
248 3.283265E-04 6.566530E-04
249 3.311355E-04 6.622710E-04
250 3.339583E-04 6.679166E-04
251 3.367949E-04 6.735899E-04
252 3.396454E-04 6.792908E-04
253 3.425097E-04 6.850194E-04
254 3.453879E-04 6.907759E-04
255 3.482801E-04 6.965602E-04
256 3.511862E-04 7.023725E-04
257 3.541063E-04 7.082127E-04
258 3.570405E-04 7.140809E-04
259 3.599886E-04 7.199773E-04
260 3.629509E-04 7.259018E-04
261 3.659272E-04 7.318545E-04
262 3.689177E-04 7.378355E-04
263 3.719224E-04 7.438448E-04
264 3.749412E-04 7.498825E-04
265 3.779743E-04 7.559486E-04
266 3.810216E-04 7.620432E-04
267 3.840832E-04 7.681665E-04
268 3.871591E-04 7.743183E-04
269 3.902494E-04 7.804988E-04
270 3.933540E-04 7.867081E-04
271 3.964731E-04 7.929462E-04
272 3.996066E-04 7.992131E-04
273 4.027545E-04 8.055090E-04
274 4.059169E-04 8.118339E-04
275 4.090939E-04 8.181878E-04
276 4.122854E-04 8.245708E-04
277 4.154915E-04 8.309830E-04
278 4.187122E-04 8.374245E-04
279 4.219476E-04 8.438952E-04
280 4.251977E-04 8.503953E-04
281 4.284624E-04 8.569249E-04
282 4.317420E-04 8.634839E-04
283 4.350362E-04 8.700725E-04
284 4.383453E-04 8.766907E-04
285 4.416693E-04 8.833385E-04
286 4.450081E-04 8.900161E-04
287 4.483618E-04 8.967235E-04
288 4.517304E-04 9.034608E-04
289 4.551140E-04 9.102280E-04
290 4.585126E-04 9.170252E-04
291 4.619262E-04 9.238525E-04
292 4.653549E-04 9.307099E-04
293 4.687987E-04 9.375974E-04
294 4.722576E-04 9.445153E-04
295 4.757317E-04 9.514634E-04
296 4.792210E-04 9.584420E-04
297 4.827255E-04 9.654509E-04
298 4.862452E-04 9.724904E-04
299 4.897803E-04 9.795605E-04
300 4.933306E-04 9.866613E-04
301 4.968964E-04 9.937927E-04
302 5.004775E-04 1.000955E-03
303 5.040740E-04 1.008148E-03
304 5.076860E-04 1.015372E-03
305 5.113135E-04 1.022627E-03
306 5.149565E-04 1.029913E-03
307 5.186151E-04 1.037230E-03
308 5.222892E-04 1.044578E-03
309 5.259790E-04 1.051958E-03
310 5.296845E-04 1.059369E-03
311 5.334056E-04 1.066811E-03
312 5.371425E-04 1.074285E-03
313 5.408951E-04 1.081790E-03
314 5.446636E-04 1.089327E-03
315 5.484478E-04 1.096896E-03
316 5.522480E-04 1.104496E-03
317 5.560640E-04 1.112128E-03
318 5.598960E-04 1.119792E-03
319 5.637439E-04 1.127488E-03
320 5.676079E-04 1.135216E-03
321 5.714879E-04 1.142976E-03
322 5.753839E-04 1.150768E-03
323 5.792961E-04 1.158592E-03
324 5.832244E-04 1.166449E-03
325 5.871689E-04 1.174338E-03
326 5.911297E-04 1.182259E-03
327 5.951067E-04 1.190213E-03
328 5.990999E-04 1.198200E-03
329 6.031095E-04 1.206219E-03
330 6.071355E-04 1.214271E-03
331 6.111778E-04 1.222356E-03
332 6.152366E-04 1.230473E-03
333 6.193119E-04 1.238624E-03
334 6.234037E-04 1.246807E-03
335 6.275120E-04 1.255024E-03
336 6.316369E-04 1.263274E-03
337 6.357784E-04 1.271557E-03
338 6.399366E-04 1.279873E-03
339 6.441115E-04 1.288223E-03
340 6.483030E-04 1.296606E-03
341 6.525114E-04 1.305023E-03
342 6.567366E-04 1.313473E-03
343 6.609786E-04 1.321957E-03
344 6.652375E-04 1.330475E-03
345 6.695132E-04 1.339026E-03
346 6.738060E-04 1.347612E-03
347 6.781157E-04 1.356231E-03
348 6.824425E-04 1.364885E-03
349 6.867863E-04 1.373573E-03
350 6.911473E-04 1.382295E-03
351 6.955254E-04 1.391051E-03
352 6.999206E-04 1.399841E-03
353 7.043331E-04 1.408666E-03
354 7.087629E-04 1.417526E-03
355 7.132099E-04 1.426420E-03
356 7.176743E-04 1.435349E-03
357 7.221561E-04 1.444312E-03
358 7.266552E-04 1.453310E-03
359 7.311719E-04 1.462344E-03
360 7.357060E-04 1.471412E-03
361 7.402577E-04 1.480515E-03
362 7.448269E-04 1.489654E-03
363 7.494137E-04 1.498827E-03
364 7.540182E-04 1.508036E-03
365 7.586404E-04 1.517281E-03
366 7.632803E-04 1.526561E-03
367 7.679380E-04 1.535876E-03
368 7.726135E-04 1.545227E-03
369 7.773068E-04 1.554614E-03
370 7.820180E-04 1.564036E-03
371 7.867472E-04 1.573494E-03
372 7.914943E-04 1.582989E-03
373 7.962595E-04 1.592519E-03
374 8.010427E-04 1.602085E-03
375 8.058440E-04 1.611688E-03
376 8.106634E-04 1.621327E-03
377 8.155011E-04 1.631002E-03
378 8.203569E-04 1.640714E-03
379 8.252310E-04 1.650462E-03
380 8.301234E-04 1.660247E-03
381 8.350341E-04 1.670068E-03
382 8.399632E-04 1.679926E-03
383 8.449108E-04 1.689822E-03
384 8.498768E-04 1.699754E-03
385 8.548613E-04 1.709723E-03
386 8.598644E-04 1.719729E-03
387 8.648861E-04 1.729772E-03
388 8.699264E-04 1.739853E-03
389 8.749854E-04 1.749971E-03
390 8.800631E-04 1.760126E-03
391 8.851596E-04 1.770319E-03
392 8.902749E-04 1.780550E-03
393 8.954090E-04 1.790818E-03
394 9.005621E-04 1.801124E-03
395 9.057341E-04 1.811468E-03
396 9.109250E-04 1.821850E-03
397 9.161350E-04 1.832270E-03
398 9.213640E-04 1.842728E-03
399 9.266122E-04 1.853224E-03
400 9.318795E-04 1.863759E-03
401 9.371660E-04 1.874332E-03
402 9.424718E-04 1.884944E-03
403 9.477969E-04 1.895594E-03
404 9.531413E-04 1.906283E-03
405 9.585050E-04 1.917010E-03
406 9.638882E-04 1.927776E-03
407 9.692908E-04 1.938582E-03
408 9.747130E-04 1.949426E-03
409 9.801547E-04 1.960309E-03
410 9.856161E-04 1.971232E-03
411 9.910970E-04 1.982194E-03
412 9.965977E-04 1.993195E-03
413 1.002118E-03 2.004236E-03
414 1.007658E-03 2.015317E-03
415 1.013218E-03 2.026437E-03
416 1.018798E-03 2.037596E-03
417 1.024398E-03 2.048796E-03
418 1.030018E-03 2.060035E-03
419 1.035658E-03 2.071315E-03
420 1.041317E-03 2.082635E-03
421 1.046997E-03 2.093995E-03
422 1.052697E-03 2.105395E-03
423 1.058418E-03 2.116835E-03
424 1.064158E-03 2.128317E-03
425 1.069919E-03 2.139838E-03
426 1.075700E-03 2.151401E-03
427 1.081502E-03 2.163004E-03
428 1.087324E-03 2.174648E-03
429 1.093166E-03 2.186333E-03
430 1.099029E-03 2.198059E-03
431 1.104913E-03 2.209826E-03
432 1.110817E-03 2.221634E-03
433 1.116742E-03 2.233484E-03
434 1.122688E-03 2.245376E-03
435 1.128654E-03 2.257308E-03
436 1.134641E-03 2.269283E-03
437 1.140649E-03 2.281299E-03
438 1.146678E-03 2.293357E-03
439 1.152728E-03 2.305457E-03
440 1.158799E-03 2.317599E-03
441 1.164891E-03 2.329783E-03
442 1.171005E-03 2.342009E-03
443 1.177139E-03 2.354278E-03
444 1.183294E-03 2.366589E-03
445 1.189471E-03 2.378943E-03
446 1.195669E-03 2.391339E-03
447 1.201889E-03 2.403778E-03
448 1.208130E-03 2.416259E-03
449 1.214392E-03 2.428784E-03
450 1.220676E-03 2.441352E-03
451 1.226981E-03 2.453963E-03
452 1.233308E-03 2.466617E-03
453 1.239657E-03 2.479314E-03
454 1.246027E-03 2.492055E-03
455 1.252420E-03 2.504839E-03
456 1.258834E-03 2.517667E-03
457 1.265270E-03 2.530539E-03
458 1.271727E-03 2.543455E-03
459 1.278207E-03 2.556414E-03
460 1.284709E-03 2.569418E-03
461 1.291233E-03 2.582465E-03
462 1.297779E-03 2.595557E-03
463 1.304347E-03 2.608694E-03
464 1.310937E-03 2.621875E-03
465 1.317550E-03 2.635100E-03
466 1.324185E-03 2.648370E-03
467 1.330842E-03 2.661685E-03
468 1.337522E-03 2.675044E-03
469 1.344225E-03 2.688449E-03
470 1.350949E-03 2.701899E-03
471 1.357697E-03 2.715394E-03
472 1.364467E-03 2.728934E-03
473 1.371260E-03 2.742520E-03
474 1.378076E-03 2.756151E-03
475 1.384914E-03 2.769828E-03
476 1.391775E-03 2.783551E-03
477 1.398660E-03 2.797319E-03
478 1.405567E-03 2.811134E-03
479 1.412497E-03 2.824994E-03
480 1.419451E-03 2.838901E-03
481 1.426427E-03 2.852854E-03
482 1.433427E-03 2.866854E-03
483 1.440450E-03 2.880900E-03
484 1.447496E-03 2.894992E-03
485 1.454566E-03 2.909131E-03
486 1.461659E-03 2.923318E-03
487 1.468775E-03 2.937551E-03
488 1.475915E-03 2.951831E-03
489 1.483079E-03 2.966158E-03
490 1.490266E-03 2.980533E-03
491 1.497477E-03 2.994955E-03
492 1.504712E-03 3.009424E-03
493 1.511971E-03 3.023942E-03
494 1.519253E-03 3.038507E-03
495 1.526560E-03 3.053119E-03
496 1.533890E-03 3.067780E-03
497 1.541244E-03 3.082489E-03
498 1.548623E-03 3.097246E-03
499 1.556026E-03 3.112051E-03
500 1.563453E-03 3.126905E-03
501 1.570904E-03 3.141808E-03
502 1.578379E-03 3.156759E-03
503 1.585879E-03 3.171758E-03
504 1.593404E-03 3.186807E-03
505 1.600952E-03 3.201905E-03
506 1.608526E-03 3.217052E-03
507 1.616124E-03 3.232248E-03
508 1.623747E-03 3.247493E-03
509 1.631394E-03 3.262788E-03
510 1.639066E-03 3.278133E-03
511 1.646764E-03 3.293527E-03
512 1.654486E-03 3.308971E-03
513 1.662233E-03 3.324466E-03
514 1.670005E-03 3.340010E-03
515 1.677802E-03 3.355604E-03
516 1.685625E-03 3.371249E-03
517 1.693472E-03 3.386944E-03
518 1.701345E-03 3.402690E-03
519 1.709243E-03 3.418486E-03
520 1.717167E-03 3.434334E-03
521 1.725116E-03 3.450232E-03
522 1.733091E-03 3.466181E-03
523 1.741091E-03 3.482182E-03
524 1.749117E-03 3.498233E-03
525 1.757168E-03 3.514337E-03
526 1.765246E-03 3.530491E-03
527 1.773349E-03 3.546698E-03
528 1.781478E-03 3.562956E-03
529 1.789633E-03 3.579266E-03
530 1.797814E-03 3.595628E-03
531 1.806021E-03 3.612043E-03
532 1.814255E-03 3.628510E-03
533 1.822514E-03 3.645029E-03
534 1.830800E-03 3.661600E-03
535 1.839112E-03 3.678225E-03
536 1.847451E-03 3.694902E-03
537 1.855816E-03 3.711632E-03
538 1.864208E-03 3.728415E-03
539 1.872626E-03 3.745252E-03
540 1.881071E-03 3.762141E-03
541 1.889542E-03 3.779085E-03
542 1.898041E-03 3.796081E-03
543 1.906566E-03 3.813132E-03
544 1.915118E-03 3.830236E-03
545 1.923697E-03 3.847394E-03
546 1.932303E-03 3.864607E-03
547 1.940937E-03 3.881873E-03
548 1.949597E-03 3.899194E-03
549 1.958285E-03 3.916570E-03
550 1.967000E-03 3.934000E-03
551 1.975742E-03 3.951485E-03
552 1.984512E-03 3.969025E-03
553 1.993310E-03 3.986620E-03
554 2.002135E-03 4.004270E-03
555 2.010987E-03 4.021975E-03
556 2.019868E-03 4.039736E-03
557 2.028776E-03 4.057552E-03
558 2.037712E-03 4.075424E-03
559 2.046676E-03 4.093352E-03
560 2.055668E-03 4.111336E-03
561 2.064688E-03 4.129375E-03
562 2.073736E-03 4.147472E-03
563 2.082812E-03 4.165624E-03
564 2.091917E-03 4.183833E-03
565 2.101050E-03 4.202099E-03
566 2.110211E-03 4.220422E-03
567 2.119401E-03 4.238801E-03
568 2.128619E-03 4.257238E-03
569 2.137866E-03 4.275731E-03
570 2.147141E-03 4.294283E-03
571 2.156446E-03 4.312891E-03
572 2.165779E-03 4.331557E-03
573 2.175141E-03 4.350281E-03
574 2.184532E-03 4.369063E-03
575 2.193952E-03 4.387903E-03
576 2.203401E-03 4.406802E-03
577 2.212879E-03 4.425758E-03
578 2.222387E-03 4.444773E-03
579 2.231923E-03 4.463847E-03
580 2.241490E-03 4.482979E-03
581 2.251085E-03 4.502171E-03
582 2.260710E-03 4.521421E-03
583 2.270365E-03 4.540731E-03
584 2.280050E-03 4.560100E-03
585 2.289764E-03 4.579528E-03
586 2.299508E-03 4.599016E-03
587 2.309282E-03 4.618564E-03
588 2.319086E-03 4.638172E-03
589 2.328920E-03 4.657839E-03
590 2.338784E-03 4.677568E-03
591 2.348678E-03 4.697356E-03
592 2.358602E-03 4.717205E-03
593 2.368557E-03 4.737115E-03
594 2.378542E-03 4.757085E-03
595 2.388558E-03 4.777116E-03
596 2.398604E-03 4.797209E-03
597 2.408681E-03 4.817363E-03
598 2.418789E-03 4.837578E-03
599 2.428927E-03 4.857855E-03
600 2.439096E-03 4.878193E-03
601 2.449297E-03 4.898593E-03
602 2.459528E-03 4.919056E-03
603 2.469790E-03 4.939580E-03
604 2.480083E-03 4.960167E-03
605 2.490408E-03 4.980816E-03
606 2.500764E-03 5.001528E-03
607 2.511151E-03 5.022303E-03
608 2.521570E-03 5.043140E-03
609 2.532021E-03 5.064041E-03
610 2.542503E-03 5.085005E-03
611 2.553016E-03 5.106032E-03
612 2.563562E-03 5.127123E-03
613 2.574139E-03 5.148278E-03
614 2.584748E-03 5.169496E-03
615 2.595389E-03 5.190779E-03
616 2.606063E-03 5.212125E-03
617 2.616768E-03 5.233536E-03
618 2.627506E-03 5.255012E-03
619 2.638276E-03 5.276552E-03
620 2.649079E-03 5.298157E-03
621 2.659913E-03 5.319827E-03
622 2.670781E-03 5.341562E-03
623 2.681681E-03 5.363362E-03
624 2.692614E-03 5.385228E-03
625 2.703580E-03 5.407160E-03
626 2.714578E-03 5.429157E-03
627 2.725610E-03 5.451220E-03
628 2.736674E-03 5.473349E-03
629 2.747772E-03 5.495544E-03
630 2.758903E-03 5.517806E-03
631 2.770067E-03 5.540135E-03
632 2.781265E-03 5.562530E-03
633 2.792496E-03 5.584992E-03
634 2.803761E-03 5.607521E-03
635 2.815059E-03 5.630118E-03
636 2.826391E-03 5.652781E-03
637 2.837756E-03 5.675513E-03
638 2.849156E-03 5.698312E-03
639 2.860589E-03 5.721179E-03
640 2.872057E-03 5.744114E-03
641 2.883559E-03 5.767117E-03
642 2.895095E-03 5.790189E-03
643 2.906665E-03 5.813329E-03
644 2.918269E-03 5.836538E-03
645 2.929908E-03 5.859816E-03
646 2.941582E-03 5.883163E-03
647 2.953290E-03 5.906580E-03
648 2.965033E-03 5.930065E-03
649 2.976810E-03 5.953621E-03
650 2.988623E-03 5.977246E-03
651 3.000470E-03 6.000941E-03
652 3.012353E-03 6.024706E-03
653 3.024271E-03 6.048541E-03
654 3.036223E-03 6.072447E-03
655 3.048212E-03 6.096423E-03
656 3.060235E-03 6.120471E-03
657 3.072294E-03 6.144589E-03
658 3.084389E-03 6.168778E-03
659 3.096519E-03 6.193039E-03
660 3.108685E-03 6.217371E-03
661 3.120887E-03 6.241775E-03
662 3.133125E-03 6.266250E-03
663 3.145399E-03 6.290798E-03
664 3.157709E-03 6.315418E-03
665 3.170055E-03 6.340110E-03
666 3.182437E-03 6.364875E-03
667 3.194856E-03 6.389712E-03
668 3.207311E-03 6.414623E-03
669 3.219803E-03 6.439606E-03
670 3.232332E-03 6.464663E-03
671 3.244897E-03 6.489793E-03
672 3.257499E-03 6.514997E-03
673 3.270137E-03 6.540275E-03
674 3.282813E-03 6.565627E-03
675 3.295526E-03 6.591052E-03
676 3.308276E-03 6.616553E-03
677 3.321064E-03 6.642127E-03
678 3.333888E-03 6.667777E-03
679 3.346751E-03 6.693501E-03
680 3.359650E-03 6.719301E-03
681 3.372588E-03 6.745175E-03
682 3.385563E-03 6.771125E-03
683 3.398576E-03 6.797151E-03
684 3.411626E-03 6.823253E-03
685 3.424715E-03 6.849431E-03
686 3.437842E-03 6.875684E-03
687 3.451007E-03 6.902015E-03
688 3.464211E-03 6.928422E-03
689 3.477453E-03 6.954905E-03
690 3.490733E-03 6.981466E-03
691 3.504052E-03 7.008103E-03
692 3.517409E-03 7.034818E-03
693 3.530805E-03 7.061611E-03
694 3.544241E-03 7.088481E-03
695 3.557715E-03 7.115429E-03
696 3.571228E-03 7.142455E-03
697 3.584780E-03 7.169560E-03
698 3.598371E-03 7.196743E-03
699 3.612002E-03 7.224005E-03
700 3.625673E-03 7.251345E-03
701 3.639382E-03 7.278765E-03
702 3.653132E-03 7.306263E-03
703 3.666921E-03 7.333842E-03
704 3.680750E-03 7.361500E-03
705 3.694619E-03 7.389237E-03
706 3.708528E-03 7.417055E-03
707 3.722476E-03 7.444953E-03
708 3.736466E-03 7.472931E-03
709 3.750495E-03 7.500990E-03
710 3.764565E-03 7.529130E-03
711 3.778675E-03 7.557351E-03
712 3.792827E-03 7.585653E-03
713 3.807018E-03 7.614036E-03
714 3.821251E-03 7.642501E-03
715 3.835524E-03 7.671048E-03
716 3.849839E-03 7.699677E-03
717 3.864194E-03 7.728388E-03
718 3.878591E-03 7.757182E-03
719 3.893029E-03 7.786058E-03
720 3.907508E-03 7.815017E-03
721 3.922029E-03 7.844059E-03
722 3.936592E-03 7.873184E-03
723 3.951196E-03 7.902392E-03
724 3.965842E-03 7.931684E-03
725 3.980530E-03 7.961060E-03
726 3.995260E-03 7.990520E-03
727 4.010032E-03 8.020065E-03
728 4.024847E-03 8.049693E-03
729 4.039703E-03 8.079407E-03
730 4.054602E-03 8.109205E-03
731 4.069544E-03 8.139088E-03
732 4.084528E-03 8.169057E-03
733 4.099555E-03 8.199111E-03
734 4.114625E-03 8.229250E-03
735 4.129738E-03 8.259476E-03
736 4.144894E-03 8.289788E-03
737 4.160093E-03 8.320186E-03
738 4.175335E-03 8.350670E-03
739 4.190621E-03 8.381241E-03
740 4.205950E-03 8.411900E-03
741 4.221323E-03 8.442645E-03
742 4.236739E-03 8.473478E-03
743 4.252199E-03 8.504398E-03
744 4.267703E-03 8.535406E-03
745 4.283251E-03 8.566503E-03
746 4.298843E-03 8.597687E-03
747 4.314480E-03 8.628960E-03
748 4.330161E-03 8.660321E-03
749 4.345886E-03 8.691772E-03
750 4.361656E-03 8.723311E-03
751 4.377470E-03 8.754940E-03
752 4.393329E-03 8.786658E-03
753 4.409233E-03 8.818466E-03
754 4.425182E-03 8.850364E-03
755 4.441176E-03 8.882352E-03
756 4.457215E-03 8.914431E-03
757 4.473300E-03 8.946600E-03
758 4.489430E-03 8.978860E-03
759 4.505605E-03 9.011211E-03
760 4.521827E-03 9.043653E-03
761 4.538094E-03 9.076187E-03
762 4.554406E-03 9.108813E-03
763 4.570765E-03 9.141530E-03
764 4.587170E-03 9.174340E-03
765 4.603621E-03 9.207242E-03
766 4.620118E-03 9.240237E-03
767 4.636662E-03 9.273324E-03
768 4.653252E-03 9.306505E-03
769 4.669889E-03 9.339778E-03
770 4.686573E-03 9.373146E-03
771 4.703303E-03 9.406607E-03
772 4.720081E-03 9.440162E-03
773 4.736906E-03 9.473811E-03
774 4.753777E-03 9.507555E-03
775 4.770697E-03 9.541393E-03
776 4.787663E-03 9.575326E-03
777 4.804677E-03 9.609355E-03
778 4.821739E-03 9.643478E-03
779 4.838849E-03 9.677697E-03
780 4.856006E-03 9.712012E-03
781 4.873212E-03 9.746423E-03
782 4.890465E-03 9.780931E-03
783 4.907767E-03 9.815534E-03
784 4.925118E-03 9.850235E-03
785 4.942516E-03 9.885032E-03
786 4.959964E-03 9.919927E-03
787 4.977460E-03 9.954919E-03
788 4.995004E-03 9.990009E-03
789 5.012598E-03 1.002520E-02
790 5.030241E-03 1.006048E-02
791 5.047933E-03 1.009587E-02
792 5.065675E-03 1.013135E-02
793 5.083465E-03 1.016693E-02
794 5.101306E-03 1.020261E-02
795 5.119196E-03 1.023839E-02
796 5.137136E-03 1.027427E-02
797 5.155125E-03 1.031025E-02
798 5.173165E-03 1.034633E-02
799 5.191255E-03 1.038251E-02
800 5.209395E-03 1.041879E-02
801 5.227585E-03 1.045517E-02
802 5.245826E-03 1.049165E-02
803 5.264118E-03 1.052824E-02
804 5.282460E-03 1.056492E-02
805 5.300853E-03 1.060171E-02
806 5.319298E-03 1.063860E-02
807 5.337793E-03 1.067559E-02
808 5.356340E-03 1.071268E-02
809 5.374937E-03 1.074987E-02
810 5.393587E-03 1.078717E-02
811 5.412288E-03 1.082458E-02
812 5.431040E-03 1.086208E-02
813 5.449845E-03 1.089969E-02
814 5.468701E-03 1.093740E-02
815 5.487610E-03 1.097522E-02
816 5.506571E-03 1.101314E-02
817 5.525584E-03 1.105117E-02
818 5.544650E-03 1.108930E-02
819 5.563768E-03 1.112754E-02
820 5.582939E-03 1.116588E-02
821 5.602163E-03 1.120433E-02
822 5.621439E-03 1.124288E-02
823 5.640769E-03 1.128154E-02
824 5.660152E-03 1.132030E-02
825 5.679589E-03 1.135918E-02
826 5.699079E-03 1.139816E-02
827 5.718622E-03 1.143724E-02
828 5.738220E-03 1.147644E-02
829 5.757871E-03 1.151574E-02
830 5.777576E-03 1.155515E-02
831 5.797335E-03 1.159467E-02
832 5.817149E-03 1.163430E-02
833 5.837016E-03 1.167403E-02
834 5.856939E-03 1.171388E-02
835 5.876916E-03 1.175383E-02
836 5.896948E-03 1.179390E-02
837 5.917034E-03 1.183407E-02
838 5.937176E-03 1.187435E-02
839 5.957373E-03 1.191475E-02
840 5.977625E-03 1.195525E-02
841 5.997933E-03 1.199587E-02
842 6.018296E-03 1.203659E-02
843 6.038714E-03 1.207743E-02
844 6.059189E-03 1.211838E-02
845 6.079720E-03 1.215944E-02
846 6.100306E-03 1.220061E-02
847 6.120949E-03 1.224190E-02
848 6.141648E-03 1.228330E-02
849 6.162404E-03 1.232481E-02
850 6.183216E-03 1.236643E-02
851 6.204085E-03 1.240817E-02
852 6.225011E-03 1.245002E-02
853 6.245994E-03 1.249199E-02
854 6.267034E-03 1.253407E-02
855 6.288131E-03 1.257626E-02
856 6.309286E-03 1.261857E-02
857 6.330498E-03 1.266100E-02
858 6.351768E-03 1.270354E-02
859 6.373096E-03 1.274619E-02
860 6.394481E-03 1.278896E-02
861 6.415925E-03 1.283185E-02
862 6.437427E-03 1.287485E-02
863 6.458987E-03 1.291797E-02
864 6.480606E-03 1.296121E-02
865 6.502284E-03 1.300457E-02
866 6.524020E-03 1.304804E-02
867 6.545815E-03 1.309163E-02
868 6.567670E-03 1.313534E-02
869 6.589583E-03 1.317917E-02
870 6.611556E-03 1.322311E-02
871 6.633588E-03 1.326718E-02
872 6.655680E-03 1.331136E-02
873 6.677832E-03 1.335566E-02
874 6.700043E-03 1.340009E-02
875 6.722315E-03 1.344463E-02
876 6.744647E-03 1.348929E-02
877 6.767039E-03 1.353408E-02
878 6.789491E-03 1.357898E-02
879 6.812004E-03 1.362401E-02
880 6.834578E-03 1.366916E-02
881 6.857213E-03 1.371443E-02
882 6.879908E-03 1.375982E-02
883 6.902665E-03 1.380533E-02
884 6.925483E-03 1.385097E-02
885 6.948363E-03 1.389673E-02
886 6.971304E-03 1.394261E-02
887 6.994307E-03 1.398861E-02
888 7.017372E-03 1.403474E-02
889 7.040499E-03 1.408100E-02
890 7.063688E-03 1.412738E-02
891 7.086939E-03 1.417388E-02
892 7.110253E-03 1.422051E-02
893 7.133629E-03 1.426726E-02
894 7.157068E-03 1.431414E-02
895 7.180570E-03 1.436114E-02
896 7.204135E-03 1.440827E-02
897 7.227763E-03 1.445553E-02
898 7.251454E-03 1.450291E-02
899 7.275209E-03 1.455042E-02
900 7.299028E-03 1.459806E-02
901 7.322910E-03 1.464582E-02
902 7.346857E-03 1.469371E-02
903 7.370867E-03 1.474173E-02
904 7.394941E-03 1.478988E-02
905 7.419080E-03 1.483816E-02
906 7.443284E-03 1.488657E-02
907 7.467552E-03 1.493510E-02
908 7.491885E-03 1.498377E-02
909 7.516282E-03 1.503256E-02
910 7.540745E-03 1.508149E-02
911 7.565273E-03 1.513055E-02
912 7.589867E-03 1.517973E-02
913 7.614526E-03 1.522905E-02
914 7.639251E-03 1.527850E-02
915 7.664042E-03 1.532808E-02
916 7.688898E-03 1.537780E-02
917 7.713821E-03 1.542764E-02
918 7.738810E-03 1.547762E-02
919 7.763866E-03 1.552773E-02
920 7.788988E-03 1.557798E-02
921 7.814177E-03 1.562835E-02
922 7.839433E-03 1.567887E-02
923 7.864756E-03 1.572951E-02
924 7.890146E-03 1.578029E-02
925 7.915604E-03 1.583121E-02
926 7.941129E-03 1.588226E-02
927 7.966721E-03 1.593344E-02
928 7.992382E-03 1.598476E-02
929 8.018111E-03 1.603622E-02
930 8.043908E-03 1.608782E-02
931 8.069773E-03 1.613955E-02
932 8.095706E-03 1.619141E-02
933 8.121708E-03 1.624342E-02
934 8.147779E-03 1.629556E-02
935 8.173919E-03 1.634784E-02
936 8.200128E-03 1.640026E-02
937 8.226407E-03 1.645281E-02
938 8.252754E-03 1.650551E-02
939 8.279171E-03 1.655834E-02
940 8.305658E-03 1.661132E-02
941 8.332215E-03 1.666443E-02
942 8.358842E-03 1.671768E-02
943 8.385539E-03 1.677108E-02
944 8.412306E-03 1.682461E-02
945 8.439144E-03 1.687829E-02
946 8.466053E-03 1.693211E-02
947 8.493032E-03 1.698606E-02
948 8.520083E-03 1.704017E-02
949 8.547204E-03 1.709441E-02
950 8.574397E-03 1.714879E-02
951 8.601662E-03 1.720332E-02
952 8.628998E-03 1.725800E-02
953 8.656405E-03 1.731281E-02
954 8.683885E-03 1.736777E-02
955 8.711437E-03 1.742287E-02
956 8.739061E-03 1.747812E-02
957 8.766758E-03 1.753352E-02
958 8.794527E-03 1.758905E-02
959 8.822369E-03 1.764474E-02
960 8.850284E-03 1.770057E-02
961 8.878272E-03 1.775654E-02
962 8.906334E-03 1.781267E-02
963 8.934468E-03 1.786894E-02
964 8.962677E-03 1.792535E-02
965 8.990959E-03 1.798192E-02
966 9.019315E-03 1.803863E-02
967 9.047745E-03 1.809549E-02
968 9.076250E-03 1.815250E-02
969 9.104829E-03 1.820966E-02
970 9.133482E-03 1.826696E-02
971 9.162210E-03 1.832442E-02
972 9.191013E-03 1.838203E-02
973 9.219892E-03 1.843978E-02
974 9.248845E-03 1.849769E-02
975 9.277874E-03 1.855575E-02
976 9.306979E-03 1.861396E-02
977 9.336159E-03 1.867232E-02
978 9.365415E-03 1.873083E-02
979 9.394748E-03 1.878950E-02
980 9.424156E-03 1.884831E-02
981 9.453641E-03 1.890728E-02
982 9.483203E-03 1.896641E-02
983 9.512841E-03 1.902568E-02
984 9.542557E-03 1.908511E-02
985 9.572349E-03 1.914470E-02
986 9.602219E-03 1.920444E-02
987 9.632167E-03 1.926433E-02
988 9.662192E-03 1.932438E-02
989 9.692294E-03 1.938459E-02
990 9.722475E-03 1.944495E-02
991 9.752734E-03 1.950547E-02
992 9.783071E-03 1.956614E-02
993 9.813487E-03 1.962697E-02
994 9.843981E-03 1.968796E-02
995 9.874555E-03 1.974911E-02
996 9.905207E-03 1.981041E-02
997 9.935939E-03 1.987188E-02
998 9.966749E-03 1.993350E-02
999 9.997640E-03 1.999528E-02
1000 1.002861E-02 2.005722E-02
1001 1.005966E-02 2.011932E-02
1002 1.009079E-02 2.018158E-02
1003 1.012200E-02 2.024400E-02
1004 1.015329E-02 2.030658E-02
1005 1.018466E-02 2.036933E-02
1006 1.021612E-02 2.043223E-02
1007 1.024765E-02 2.049530E-02
1008 1.027926E-02 2.055853E-02
1009 1.031096E-02 2.062192E-02
1010 1.034274E-02 2.068547E-02
1011 1.037459E-02 2.074919E-02
1012 1.040653E-02 2.081307E-02
1013 1.043856E-02 2.087711E-02
1014 1.047066E-02 2.094132E-02
1015 1.050285E-02 2.100570E-02
1016 1.053512E-02 2.107024E-02
1017 1.056747E-02 2.113494E-02
1018 1.059991E-02 2.119981E-02
1019 1.063243E-02 2.126485E-02
1020 1.066503E-02 2.133006E-02
1021 1.069771E-02 2.139543E-02
1022 1.073048E-02 2.146096E-02
1023 1.076334E-02 2.152667E-02
1024 1.079627E-02 2.159254E-02
1025 1.082929E-02 2.165859E-02
1026 1.086240E-02 2.172480E-02
1027 1.089559E-02 2.179118E-02
1028 1.092886E-02 2.185773E-02
1029 1.096222E-02 2.192445E-02
1030 1.099567E-02 2.199134E-02
1031 1.102920E-02 2.205840E-02
1032 1.106281E-02 2.212563E-02
1033 1.109651E-02 2.219303E-02
1034 1.113030E-02 2.226060E-02
1035 1.116417E-02 2.232835E-02
1036 1.119813E-02 2.239627E-02
1037 1.123218E-02 2.246436E-02
1038 1.126631E-02 2.253263E-02
1039 1.130053E-02 2.260106E-02
1040 1.133484E-02 2.266968E-02
1041 1.136923E-02 2.273846E-02
1042 1.140371E-02 2.280742E-02
1043 1.143828E-02 2.287656E-02
1044 1.147294E-02 2.294587E-02
1045 1.150768E-02 2.301536E-02
1046 1.154251E-02 2.308502E-02
1047 1.157743E-02 2.315486E-02
1048 1.161244E-02 2.322488E-02
1049 1.164754E-02 2.329508E-02
1050 1.168272E-02 2.336545E-02
1051 1.171800E-02 2.343600E-02
1052 1.175336E-02 2.350673E-02
1053 1.178882E-02 2.357764E-02
1054 1.182436E-02 2.364872E-02
1055 1.185999E-02 2.371999E-02
1056 1.189572E-02 2.379144E-02
1057 1.193153E-02 2.386306E-02
1058 1.196744E-02 2.393487E-02
1059 1.200343E-02 2.400686E-02
1060 1.203952E-02 2.407903E-02
1061 1.207569E-02 2.415138E-02
1062 1.211196E-02 2.422392E-02
1063 1.214832E-02 2.429663E-02
1064 1.218477E-02 2.436954E-02
1065 1.222131E-02 2.444262E-02
1066 1.225794E-02 2.451589E-02
1067 1.229467E-02 2.458934E-02
1068 1.233149E-02 2.466298E-02
1069 1.236840E-02 2.473680E-02
1070 1.240540E-02 2.481081E-02
1071 1.244250E-02 2.488500E-02
1072 1.247969E-02 2.495938E-02
1073 1.251697E-02 2.503394E-02
1074 1.255435E-02 2.510870E-02
1075 1.259182E-02 2.518364E-02
1076 1.262938E-02 2.525876E-02
1077 1.266704E-02 2.533408E-02
1078 1.270479E-02 2.540959E-02
1079 1.274264E-02 2.548528E-02
1080 1.278058E-02 2.556116E-02
1081 1.281862E-02 2.563724E-02
1082 1.285675E-02 2.571350E-02
1083 1.289498E-02 2.578995E-02
1084 1.293330E-02 2.586660E-02
1085 1.297172E-02 2.594343E-02
1086 1.301023E-02 2.602046E-02
1087 1.304884E-02 2.609768E-02
1088 1.308755E-02 2.617509E-02
1089 1.312635E-02 2.625270E-02
1090 1.316525E-02 2.633050E-02
1091 1.320424E-02 2.640849E-02
1092 1.324334E-02 2.648668E-02
1093 1.328253E-02 2.656506E-02
1094 1.332182E-02 2.664363E-02
1095 1.336120E-02 2.672241E-02
1096 1.340069E-02 2.680137E-02
1097 1.344027E-02 2.688054E-02
1098 1.347995E-02 2.695990E-02
1099 1.351973E-02 2.703945E-02
1100 1.355960E-02 2.711921E-02
1101 1.359958E-02 2.719916E-02
1102 1.363966E-02 2.727931E-02
1103 1.367983E-02 2.735966E-02
1104 1.372011E-02 2.744021E-02
1105 1.376048E-02 2.752096E-02
1106 1.380095E-02 2.760191E-02
1107 1.384153E-02 2.768306E-02
1108 1.388220E-02 2.776441E-02
1109 1.392298E-02 2.784596E-02
1110 1.396385E-02 2.792771E-02
1111 1.400483E-02 2.800966E-02
1112 1.404591E-02 2.809182E-02
1113 1.408709E-02 2.817418E-02
1114 1.412837E-02 2.825674E-02
1115 1.416975E-02 2.833950E-02
1116 1.421124E-02 2.842247E-02
1117 1.425282E-02 2.850565E-02
1118 1.429451E-02 2.858903E-02
1119 1.433631E-02 2.867261E-02
1120 1.437820E-02 2.875640E-02
1121 1.442020E-02 2.884040E-02
1122 1.446230E-02 2.892460E-02
1123 1.450451E-02 2.900901E-02
1124 1.454682E-02 2.909363E-02
1125 1.458923E-02 2.917846E-02
1126 1.463174E-02 2.926349E-02
1127 1.467437E-02 2.934873E-02
1128 1.471709E-02 2.943418E-02
1129 1.475992E-02 2.951984E-02
1130 1.480286E-02 2.960572E-02
1131 1.484590E-02 2.969180E-02
1132 1.488904E-02 2.977809E-02
1133 1.493230E-02 2.986459E-02
1134 1.497565E-02 2.995131E-02
1135 1.501912E-02 3.003823E-02
1136 1.506269E-02 3.012537E-02
1137 1.510636E-02 3.021273E-02
1138 1.515015E-02 3.030029E-02
1139 1.519404E-02 3.038807E-02
1140 1.523803E-02 3.047607E-02
1141 1.528214E-02 3.056428E-02
1142 1.532635E-02 3.065270E-02
1143 1.537067E-02 3.074134E-02
1144 1.541510E-02 3.083020E-02
1145 1.545963E-02 3.091927E-02
1146 1.550428E-02 3.100856E-02
1147 1.554903E-02 3.109806E-02
1148 1.559389E-02 3.118779E-02
1149 1.563887E-02 3.127773E-02
1150 1.568395E-02 3.136789E-02
1151 1.572914E-02 3.145827E-02
1152 1.577444E-02 3.154887E-02
1153 1.581985E-02 3.163969E-02
1154 1.586537E-02 3.173073E-02
1155 1.591100E-02 3.182199E-02
1156 1.595674E-02 3.191347E-02
1157 1.600259E-02 3.200518E-02
1158 1.604855E-02 3.209710E-02
1159 1.609463E-02 3.218925E-02
1160 1.614081E-02 3.228162E-02
1161 1.618711E-02 3.237422E-02
1162 1.623352E-02 3.246704E-02
1163 1.628004E-02 3.256008E-02
1164 1.632667E-02 3.265335E-02
1165 1.637342E-02 3.274684E-02
1166 1.642028E-02 3.284056E-02
1167 1.646725E-02 3.293451E-02
1168 1.651434E-02 3.302868E-02
1169 1.656154E-02 3.312308E-02
1170 1.660885E-02 3.321770E-02
1171 1.665628E-02 3.331256E-02
1172 1.670382E-02 3.340764E-02
1173 1.675148E-02 3.350295E-02
1174 1.679925E-02 3.359849E-02
1175 1.684713E-02 3.369426E-02
1176 1.689513E-02 3.379026E-02
1177 1.694325E-02 3.388650E-02
1178 1.699148E-02 3.398296E-02
1179 1.703983E-02 3.407965E-02
1180 1.708829E-02 3.417658E-02
1181 1.713687E-02 3.427374E-02
1182 1.718556E-02 3.437113E-02
1183 1.723438E-02 3.446875E-02
1184 1.728331E-02 3.456661E-02
1185 1.733235E-02 3.466471E-02
1186 1.738152E-02 3.476304E-02
1187 1.743080E-02 3.486160E-02
1188 1.748020E-02 3.496040E-02
1189 1.752972E-02 3.505943E-02
1190 1.757935E-02 3.515871E-02
1191 1.762911E-02 3.525821E-02
1192 1.767898E-02 3.535796E-02
1193 1.772897E-02 3.545795E-02
1194 1.777908E-02 3.555817E-02
1195 1.782932E-02 3.565863E-02
1196 1.787967E-02 3.575933E-02
1197 1.793014E-02 3.586027E-02
1198 1.798073E-02 3.596145E-02
1199 1.803144E-02 3.606288E-02
1200 1.808227E-02 3.616454E-02
1201 1.813322E-02 3.626645E-02
1202 1.818430E-02 3.636859E-02
1203 1.823549E-02 3.647098E-02
1204 1.828681E-02 3.657362E-02
1205 1.833825E-02 3.667649E-02
1206 1.838981E-02 3.677962E-02
1207 1.844149E-02 3.688298E-02
1208 1.849330E-02 3.698659E-02
1209 1.854522E-02 3.709045E-02
1210 1.859728E-02 3.719455E-02
1211 1.864945E-02 3.729890E-02
1212 1.870175E-02 3.740349E-02
1213 1.875417E-02 3.750834E-02
1214 1.880671E-02 3.761343E-02
1215 1.885938E-02 3.771877E-02
1216 1.891218E-02 3.782435E-02
1217 1.896510E-02 3.793019E-02
1218 1.901814E-02 3.803628E-02
1219 1.907131E-02 3.814262E-02
1220 1.912460E-02 3.824920E-02
1221 1.917802E-02 3.835604E-02
1222 1.923157E-02 3.846313E-02
1223 1.928524E-02 3.857048E-02
1224 1.933904E-02 3.867807E-02
1225 1.939296E-02 3.878592E-02
1226 1.944701E-02 3.889402E-02
1227 1.950119E-02 3.900238E-02
1228 1.955550E-02 3.911099E-02
1229 1.960993E-02 3.921986E-02
1230 1.966449E-02 3.932898E-02
1231 1.971918E-02 3.943836E-02
1232 1.977400E-02 3.954799E-02
1233 1.982894E-02 3.965788E-02
1234 1.988402E-02 3.976803E-02
1235 1.993922E-02 3.987844E-02
1236 1.999455E-02 3.998910E-02
1237 2.005001E-02 4.010003E-02
1238 2.010560E-02 4.021121E-02
1239 2.016133E-02 4.032265E-02
1240 2.021718E-02 4.043436E-02
1241 2.027316E-02 4.054632E-02
1242 2.032927E-02 4.065855E-02
1243 2.038552E-02 4.077103E-02
1244 2.044189E-02 4.088378E-02
1245 2.049840E-02 4.099680E-02
1246 2.055504E-02 4.111007E-02
1247 2.061181E-02 4.122361E-02
1248 2.066871E-02 4.133742E-02
1249 2.072574E-02 4.145149E-02
1250 2.078291E-02 4.156582E-02
1251 2.084021E-02 4.168042E-02
1252 2.089765E-02 4.179529E-02
1253 2.095521E-02 4.191042E-02
1254 2.101291E-02 4.202583E-02
1255 2.107075E-02 4.214149E-02
1256 2.112872E-02 4.225743E-02
1257 2.118682E-02 4.237364E-02
1258 2.124506E-02 4.249011E-02
1259 2.130343E-02 4.260686E-02
1260 2.136194E-02 4.272387E-02
1261 2.142058E-02 4.284116E-02
1262 2.147936E-02 4.295872E-02
1263 2.153827E-02 4.307655E-02
1264 2.159732E-02 4.319465E-02
1265 2.165651E-02 4.331302E-02
1266 2.171584E-02 4.343167E-02
1267 2.177530E-02 4.355059E-02
1268 2.183489E-02 4.366979E-02
1269 2.189463E-02 4.378926E-02
1270 2.195450E-02 4.390901E-02
1271 2.201451E-02 4.402903E-02
1272 2.207466E-02 4.414933E-02
1273 2.213495E-02 4.426990E-02
1274 2.219538E-02 4.439075E-02
1275 2.225594E-02 4.451188E-02
1276 2.231665E-02 4.463329E-02
1277 2.237749E-02 4.475498E-02
1278 2.243847E-02 4.487695E-02
1279 2.249960E-02 4.499919E-02
1280 2.256086E-02 4.512172E-02
1281 2.262227E-02 4.524453E-02
1282 2.268381E-02 4.536762E-02
1283 2.274550E-02 4.549099E-02
1284 2.280732E-02 4.561465E-02
1285 2.286929E-02 4.573858E-02
1286 2.293140E-02 4.586280E-02
1287 2.299365E-02 4.598731E-02
1288 2.305605E-02 4.611210E-02
1289 2.311859E-02 4.623717E-02
1290 2.318127E-02 4.636253E-02
1291 2.324409E-02 4.648818E-02
1292 2.330706E-02 4.661411E-02
1293 2.337017E-02 4.674033E-02
1294 2.343342E-02 4.686684E-02
1295 2.349682E-02 4.699363E-02
1296 2.356036E-02 4.712072E-02
1297 2.362405E-02 4.724809E-02
1298 2.368788E-02 4.737576E-02
1299 2.375185E-02 4.750371E-02
1300 2.381598E-02 4.763195E-02
1301 2.388024E-02 4.776049E-02
1302 2.394466E-02 4.788932E-02
1303 2.400922E-02 4.801844E-02
1304 2.407392E-02 4.814785E-02
1305 2.413878E-02 4.827755E-02
1306 2.420378E-02 4.840755E-02
1307 2.426892E-02 4.853785E-02
1308 2.433422E-02 4.866844E-02
1309 2.439966E-02 4.879932E-02
1310 2.446525E-02 4.893050E-02
1311 2.453099E-02 4.906198E-02
1312 2.459688E-02 4.919375E-02
1313 2.466291E-02 4.932583E-02
1314 2.472910E-02 4.945820E-02
1315 2.479543E-02 4.959086E-02
1316 2.486192E-02 4.972383E-02
1317 2.492855E-02 4.985710E-02
1318 2.499533E-02 4.999067E-02
1319 2.506227E-02 5.012454E-02
1320 2.512935E-02 5.025871E-02
1321 2.519659E-02 5.039318E-02
1322 2.526398E-02 5.052795E-02
1323 2.533151E-02 5.066303E-02
1324 2.539920E-02 5.079841E-02
1325 2.546705E-02 5.093409E-02
1326 2.553504E-02 5.107008E-02
1327 2.560319E-02 5.120638E-02
1328 2.567149E-02 5.134298E-02
1329 2.573994E-02 5.147988E-02
1330 2.580855E-02 5.161709E-02
1331 2.587731E-02 5.175461E-02
1332 2.594622E-02 5.189244E-02
1333 2.601529E-02 5.203058E-02
1334 2.608451E-02 5.216902E-02
1335 2.615389E-02 5.230778E-02
1336 2.622342E-02 5.244684E-02
1337 2.629311E-02 5.258621E-02
1338 2.636295E-02 5.272590E-02
1339 2.643295E-02 5.286590E-02
1340 2.650310E-02 5.300620E-02
1341 2.657341E-02 5.314683E-02
1342 2.664388E-02 5.328776E-02
1343 2.671450E-02 5.342901E-02
1344 2.678529E-02 5.357057E-02
1345 2.685622E-02 5.371245E-02
1346 2.692732E-02 5.385464E-02
1347 2.699857E-02 5.399715E-02
1348 2.706999E-02 5.413997E-02
1349 2.714156E-02 5.428311E-02
1350 2.721329E-02 5.442657E-02
1351 2.728518E-02 5.457035E-02
1352 2.735722E-02 5.471445E-02
1353 2.742943E-02 5.485886E-02
1354 2.750180E-02 5.500360E-02
1355 2.757433E-02 5.514865E-02
1356 2.764701E-02 5.529403E-02
1357 2.771986E-02 5.543973E-02
1358 2.779287E-02 5.558574E-02
1359 2.786604E-02 5.573209E-02
1360 2.793938E-02 5.587875E-02
1361 2.801287E-02 5.602574E-02
1362 2.808653E-02 5.617305E-02
1363 2.816034E-02 5.632069E-02
1364 2.823433E-02 5.646865E-02
1365 2.830847E-02 5.661694E-02
1366 2.838278E-02 5.676555E-02
1367 2.845725E-02 5.691449E-02
1368 2.853188E-02 5.706376E-02
1369 2.860668E-02 5.721336E-02
1370 2.868164E-02 5.736329E-02
1371 2.875677E-02 5.751354E-02
1372 2.883206E-02 5.766412E-02
1373 2.890752E-02 5.781504E-02
1374 2.898314E-02 5.796628E-02
1375 2.905893E-02 5.811786E-02
1376 2.913488E-02 5.826977E-02
1377 2.921100E-02 5.842201E-02
1378 2.928729E-02 5.857458E-02
1379 2.936375E-02 5.872749E-02
1380 2.944037E-02 5.888073E-02
1381 2.951715E-02 5.903431E-02
1382 2.959411E-02 5.918822E-02
1383 2.967123E-02 5.934247E-02
1384 2.974853E-02 5.949705E-02
1385 2.982599E-02 5.965197E-02
1386 2.990362E-02 5.980723E-02
1387 2.998141E-02 5.996283E-02
1388 3.005938E-02 6.011877E-02
1389 3.013752E-02 6.027504E-02
1390 3.021583E-02 6.043165E-02
1391 3.029430E-02 6.058861E-02
1392 3.037295E-02 6.074591E-02
1393 3.045177E-02 6.090354E-02
1394 3.053076E-02 6.106152E-02
1395 3.060992E-02 6.121984E-02
1396 3.068926E-02 6.137851E-02
1397 3.076876E-02 6.153752E-02
1398 3.084844E-02 6.169687E-02
1399 3.092829E-02 6.185657E-02
1400 3.100831E-02 6.201662E-02
1401 3.108850E-02 6.217701E-02
1402 3.116887E-02 6.233774E-02
1403 3.124941E-02 6.249883E-02
1404 3.133013E-02 6.266026E-02
1405 3.141102E-02 6.282204E-02
1406 3.149208E-02 6.298417E-02
1407 3.157332E-02 6.314665E-02
1408 3.165474E-02 6.330948E-02
1409 3.173633E-02 6.347266E-02
1410 3.181809E-02 6.363619E-02
1411 3.190003E-02 6.380007E-02
1412 3.198215E-02 6.396430E-02
1413 3.206445E-02 6.412889E-02
1414 3.214692E-02 6.429383E-02
1415 3.222956E-02 6.445913E-02
1416 3.231239E-02 6.462478E-02
1417 3.239539E-02 6.479079E-02
1418 3.247857E-02 6.495715E-02
1419 3.256193E-02 6.512387E-02
1420 3.264547E-02 6.529094E-02
1421 3.272919E-02 6.545837E-02
1422 3.281308E-02 6.562616E-02
1423 3.289716E-02 6.579431E-02
1424 3.298141E-02 6.596282E-02
1425 3.306585E-02 6.613169E-02
1426 3.315046E-02 6.630092E-02
1427 3.323526E-02 6.647051E-02
1428 3.332023E-02 6.664047E-02
1429 3.340539E-02 6.681078E-02
1430 3.349073E-02 6.698146E-02
1431 3.357625E-02 6.715250E-02
1432 3.366195E-02 6.732391E-02
1433 3.374784E-02 6.749568E-02
1434 3.383391E-02 6.766781E-02
1435 3.392016E-02 6.784031E-02
1436 3.400659E-02 6.801318E-02
1437 3.409321E-02 6.818642E-02
1438 3.418001E-02 6.836002E-02
1439 3.426699E-02 6.853399E-02
1440 3.435416E-02 6.870833E-02
1441 3.444152E-02 6.888304E-02
1442 3.452906E-02 6.905811E-02
1443 3.461678E-02 6.923356E-02
1444 3.470469E-02 6.940938E-02
1445 3.479279E-02 6.958557E-02
1446 3.488107E-02 6.976214E-02
1447 3.496954E-02 6.993908E-02
1448 3.505819E-02 7.011639E-02
1449 3.514704E-02 7.029407E-02
1450 3.523607E-02 7.047213E-02
1451 3.532528E-02 7.065056E-02
1452 3.541469E-02 7.082938E-02
1453 3.550428E-02 7.100856E-02
1454 3.559406E-02 7.118813E-02
1455 3.568403E-02 7.136807E-02
1456 3.577419E-02 7.154839E-02
1457 3.586454E-02 7.172909E-02
1458 3.595508E-02 7.191017E-02
1459 3.604581E-02 7.209162E-02
1460 3.613673E-02 7.227346E-02
1461 3.622784E-02 7.245568E-02
1462 3.631914E-02 7.263829E-02
1463 3.641064E-02 7.282127E-02
1464 3.650232E-02 7.300464E-02
1465 3.659420E-02 7.318839E-02
1466 3.668626E-02 7.337253E-02
1467 3.677852E-02 7.355705E-02
1468 3.687098E-02 7.374195E-02
1469 3.696362E-02 7.392725E-02
1470 3.705646E-02 7.411292E-02
1471 3.714950E-02 7.429899E-02
1472 3.724272E-02 7.448545E-02
1473 3.733614E-02 7.467229E-02
1474 3.742976E-02 7.485952E-02
1475 3.752357E-02 7.504714E-02
1476 3.761758E-02 7.523515E-02
1477 3.771178E-02 7.542356E-02
1478 3.780618E-02 7.561235E-02
1479 3.790077E-02 7.580154E-02
1480 3.799556E-02 7.599112E-02
1481 3.809054E-02 7.618109E-02
1482 3.818573E-02 7.637145E-02
1483 3.828111E-02 7.656222E-02
1484 3.837669E-02 7.675337E-02
1485 3.847246E-02 7.694492E-02
1486 3.856844E-02 7.713687E-02
1487 3.866461E-02 7.732922E-02
1488 3.876098E-02 7.752196E-02
1489 3.885755E-02 7.771510E-02
1490 3.895432E-02 7.790864E-02
1491 3.905129E-02 7.810258E-02
1492 3.914846E-02 7.829692E-02
1493 3.924583E-02 7.849166E-02
1494 3.934340E-02 7.868680E-02
1495 3.944117E-02 7.888235E-02
1496 3.953915E-02 7.907829E-02
1497 3.963732E-02 7.927464E-02
1498 3.973570E-02 7.947140E-02
1499 3.983428E-02 7.966855E-02
1500 3.993306E-02 7.986612E-02
1501 4.003204E-02 8.006408E-02
1502 4.013123E-02 8.026246E-02
1503 4.023062E-02 8.046124E-02
1504 4.033021E-02 8.066043E-02
1505 4.043001E-02 8.086002E-02
1506 4.053001E-02 8.106003E-02
1507 4.063022E-02 8.126044E-02
1508 4.073063E-02 8.146127E-02
1509 4.083125E-02 8.166250E-02
1510 4.093208E-02 8.186415E-02
1511 4.103310E-02 8.206621E-02
1512 4.113434E-02 8.226868E-02
1513 4.123578E-02 8.247156E-02
1514 4.133743E-02 8.267486E-02
1515 4.143929E-02 8.287857E-02
1516 4.154135E-02 8.308270E-02
1517 4.164362E-02 8.328724E-02
1518 4.174610E-02 8.349220E-02
1519 4.184879E-02 8.369757E-02
1520 4.195168E-02 8.390337E-02
1521 4.205479E-02 8.410958E-02
1522 4.215810E-02 8.431620E-02
1523 4.226163E-02 8.452325E-02
1524 4.236536E-02 8.473072E-02
1525 4.246931E-02 8.493861E-02
1526 4.257346E-02 8.514692E-02
1527 4.267783E-02 8.535565E-02
1528 4.278240E-02 8.556481E-02
1529 4.288719E-02 8.577438E-02
1530 4.299219E-02 8.598438E-02
1531 4.309740E-02 8.619481E-02
1532 4.320283E-02 8.640566E-02
1533 4.330847E-02 8.661694E-02
1534 4.341432E-02 8.682864E-02
1535 4.352038E-02 8.704077E-02
1536 4.362666E-02 8.725332E-02
1537 4.373315E-02 8.746631E-02
1538 4.383986E-02 8.767972E-02
1539 4.394678E-02 8.789356E-02
1540 4.405392E-02 8.810783E-02
1541 4.416127E-02 8.832254E-02
1542 4.426884E-02 8.853767E-02
1543 4.437662E-02 8.875324E-02
1544 4.448462E-02 8.896924E-02
1545 4.459283E-02 8.918567E-02
1546 4.470127E-02 8.940253E-02
1547 4.480992E-02 8.961983E-02
1548 4.491878E-02 8.983757E-02
1549 4.502787E-02 9.005574E-02
1550 4.513717E-02 9.027435E-02
1551 4.524670E-02 9.049339E-02
1552 4.535644E-02 9.071287E-02
1553 4.546640E-02 9.093279E-02
1554 4.557658E-02 9.115315E-02
1555 4.568698E-02 9.137395E-02
1556 4.579759E-02 9.159519E-02
1557 4.590843E-02 9.181687E-02
1558 4.601950E-02 9.203899E-02
1559 4.613078E-02 9.226155E-02
1560 4.624228E-02 9.248456E-02
1561 4.635400E-02 9.270801E-02
1562 4.646595E-02 9.293190E-02
1563 4.657812E-02 9.315624E-02
1564 4.669051E-02 9.338102E-02
1565 4.680313E-02 9.360625E-02
1566 4.691596E-02 9.383193E-02
1567 4.702903E-02 9.405805E-02
1568 4.714231E-02 9.428462E-02
1569 4.725582E-02 9.451164E-02
1570 4.736955E-02 9.473911E-02
1571 4.748351E-02 9.496703E-02
1572 4.759770E-02 9.519540E-02
1573 4.771211E-02 9.542422E-02
1574 4.782674E-02 9.565349E-02
1575 4.794161E-02 9.588321E-02
1576 4.805669E-02 9.611339E-02
1577 4.817201E-02 9.634402E-02
1578 4.828755E-02 9.657510E-02
1579 4.840332E-02 9.680664E-02
1580 4.851932E-02 9.703864E-02
1581 4.863555E-02 9.727109E-02
1582 4.875200E-02 9.750400E-02
1583 4.886868E-02 9.773737E-02
1584 4.898560E-02 9.797119E-02
1585 4.910274E-02 9.820548E-02
1586 4.922011E-02 9.844022E-02
1587 4.933771E-02 9.867542E-02
1588 4.945554E-02 9.891109E-02
1589 4.957361E-02 9.914721E-02
1590 4.969190E-02 9.938380E-02
1591 4.981043E-02 9.962085E-02
1592 4.992918E-02 9.985836E-02
1593 5.004817E-02 1.000963E-01
1594 5.016739E-02 1.003348E-01
1595 5.028685E-02 1.005737E-01
1596 5.040653E-02 1.008131E-01
1597 5.052646E-02 1.010529E-01
1598 5.064661E-02 1.012932E-01
1599 5.076700E-02 1.015340E-01
1600 5.088762E-02 1.017752E-01
1601 5.100848E-02 1.020170E-01
1602 5.112957E-02 1.022591E-01
1603 5.125090E-02 1.025018E-01
1604 5.137246E-02 1.027449E-01
1605 5.149426E-02 1.029885E-01
1606 5.161630E-02 1.032326E-01
1607 5.173857E-02 1.034771E-01
1608 5.186108E-02 1.037222E-01
1609 5.198383E-02 1.039677E-01
1610 5.210681E-02 1.042136E-01
1611 5.223003E-02 1.044601E-01
1612 5.235349E-02 1.047070E-01
1613 5.247719E-02 1.049544E-01
1614 5.260113E-02 1.052023E-01
1615 5.272531E-02 1.054506E-01
1616 5.284973E-02 1.056995E-01
1617 5.297438E-02 1.059488E-01
1618 5.309928E-02 1.061986E-01
1619 5.322442E-02 1.064488E-01
1620 5.334980E-02 1.066996E-01
1621 5.347542E-02 1.069508E-01
1622 5.360128E-02 1.072026E-01
1623 5.372738E-02 1.074548E-01
1624 5.385373E-02 1.077075E-01
1625 5.398032E-02 1.079606E-01
1626 5.410715E-02 1.082143E-01
1627 5.423423E-02 1.084685E-01
1628 5.436154E-02 1.087231E-01
1629 5.448911E-02 1.089782E-01
1630 5.461691E-02 1.092338E-01
1631 5.474497E-02 1.094899E-01
1632 5.487326E-02 1.097465E-01
1633 5.500180E-02 1.100036E-01
1634 5.513059E-02 1.102612E-01
1635 5.525963E-02 1.105193E-01
1636 5.538891E-02 1.107778E-01
1637 5.551843E-02 1.110369E-01
1638 5.564821E-02 1.112964E-01
1639 5.577823E-02 1.115565E-01
1640 5.590850E-02 1.118170E-01
1641 5.603901E-02 1.120780E-01
1642 5.616978E-02 1.123396E-01
1643 5.630079E-02 1.126016E-01
1644 5.643205E-02 1.128641E-01
1645 5.656356E-02 1.131271E-01
1646 5.669533E-02 1.133907E-01
1647 5.682734E-02 1.136547E-01
1648 5.695960E-02 1.139192E-01
1649 5.709211E-02 1.141842E-01
1650 5.722488E-02 1.144498E-01
1651 5.735789E-02 1.147158E-01
1652 5.749116E-02 1.149823E-01
1653 5.762468E-02 1.152494E-01
1654 5.775845E-02 1.155169E-01
1655 5.789247E-02 1.157849E-01
1656 5.802675E-02 1.160535E-01
1657 5.816128E-02 1.163226E-01
1658 5.829606E-02 1.165921E-01
1659 5.843110E-02 1.168622E-01
1660 5.856639E-02 1.171328E-01
1661 5.870194E-02 1.174039E-01
1662 5.883774E-02 1.176755E-01
1663 5.897380E-02 1.179476E-01
1664 5.911012E-02 1.182202E-01
1665 5.924669E-02 1.184934E-01
1666 5.938351E-02 1.187670E-01
1667 5.952060E-02 1.190412E-01
1668 5.965794E-02 1.193159E-01
1669 5.979553E-02 1.195911E-01
1670 5.993339E-02 1.198668E-01
1671 6.007150E-02 1.201430E-01
1672 6.020988E-02 1.204198E-01
1673 6.034851E-02 1.206970E-01
1674 6.048740E-02 1.209748E-01
1675 6.062655E-02 1.212531E-01
1676 6.076596E-02 1.215319E-01
1677 6.090563E-02 1.218113E-01
1678 6.104556E-02 1.220911E-01
1679 6.118575E-02 1.223715E-01
1680 6.132621E-02 1.226524E-01
1681 6.146692E-02 1.229338E-01
1682 6.160790E-02 1.232158E-01
1683 6.174914E-02 1.234983E-01
1684 6.189064E-02 1.237813E-01
1685 6.203240E-02 1.240648E-01
1686 6.217443E-02 1.243489E-01
1687 6.231672E-02 1.246334E-01
1688 6.245928E-02 1.249186E-01
1689 6.260210E-02 1.252042E-01
1690 6.274518E-02 1.254904E-01
1691 6.288854E-02 1.257771E-01
1692 6.303215E-02 1.260643E-01
1693 6.317603E-02 1.263521E-01
1694 6.332018E-02 1.266404E-01
1695 6.346459E-02 1.269292E-01
1696 6.360927E-02 1.272185E-01
1697 6.375422E-02 1.275084E-01
1698 6.389944E-02 1.277989E-01
1699 6.404492E-02 1.280898E-01
1700 6.419067E-02 1.283813E-01
1701 6.433669E-02 1.286734E-01
1702 6.448298E-02 1.289660E-01
1703 6.462954E-02 1.292591E-01
1704 6.477637E-02 1.295527E-01
1705 6.492347E-02 1.298469E-01
1706 6.507084E-02 1.301417E-01
1707 6.521848E-02 1.304370E-01
1708 6.536639E-02 1.307328E-01
1709 6.551457E-02 1.310291E-01
1710 6.566302E-02 1.313260E-01
1711 6.581175E-02 1.316235E-01
1712 6.596074E-02 1.319215E-01
1713 6.611001E-02 1.322200E-01
1714 6.625956E-02 1.325191E-01
1715 6.640937E-02 1.328187E-01
1716 6.655947E-02 1.331189E-01
1717 6.670983E-02 1.334197E-01
1718 6.686047E-02 1.337209E-01
1719 6.701139E-02 1.340228E-01
1720 6.716257E-02 1.343251E-01
1721 6.731404E-02 1.346281E-01
1722 6.746578E-02 1.349316E-01
1723 6.761780E-02 1.352356E-01
1724 6.777009E-02 1.355402E-01
1725 6.792267E-02 1.358453E-01
1726 6.807551E-02 1.361510E-01
1727 6.822864E-02 1.364573E-01
1728 6.838205E-02 1.367641E-01
1729 6.853573E-02 1.370715E-01
1730 6.868969E-02 1.373794E-01
1731 6.884393E-02 1.376879E-01
1732 6.899845E-02 1.379969E-01
1733 6.915325E-02 1.383065E-01
1734 6.930833E-02 1.386167E-01
1735 6.946370E-02 1.389274E-01
1736 6.961934E-02 1.392387E-01
1737 6.977526E-02 1.395505E-01
1738 6.993147E-02 1.398629E-01
1739 7.008795E-02 1.401759E-01
1740 7.024472E-02 1.404894E-01
1741 7.040178E-02 1.408036E-01
1742 7.055911E-02 1.411182E-01
1743 7.071673E-02 1.414335E-01
1744 7.087463E-02 1.417493E-01
1745 7.103282E-02 1.420656E-01
1746 7.119129E-02 1.423826E-01
1747 7.135005E-02 1.427001E-01
1748 7.150909E-02 1.430182E-01
1749 7.166841E-02 1.433368E-01
1750 7.182803E-02 1.436561E-01
1751 7.198793E-02 1.439759E-01
1752 7.214811E-02 1.442962E-01
1753 7.230859E-02 1.446172E-01
1754 7.246935E-02 1.449387E-01
1755 7.263039E-02 1.452608E-01
1756 7.279173E-02 1.455835E-01
1757 7.295336E-02 1.459067E-01
1758 7.311527E-02 1.462305E-01
1759 7.327747E-02 1.465549E-01
1760 7.343996E-02 1.468799E-01
1761 7.360275E-02 1.472055E-01
1762 7.376582E-02 1.475316E-01
1763 7.392918E-02 1.478584E-01
1764 7.409284E-02 1.481857E-01
1765 7.425678E-02 1.485136E-01
1766 7.442102E-02 1.488420E-01
1767 7.458555E-02 1.491711E-01
1768 7.475037E-02 1.495007E-01
1769 7.491549E-02 1.498310E-01
1770 7.508090E-02 1.501618E-01
1771 7.524660E-02 1.504932E-01
1772 7.541259E-02 1.508252E-01
1773 7.557888E-02 1.511578E-01
1774 7.574547E-02 1.514909E-01
1775 7.591235E-02 1.518247E-01
1776 7.607952E-02 1.521590E-01
1777 7.624700E-02 1.524940E-01
1778 7.641476E-02 1.528295E-01
1779 7.658283E-02 1.531657E-01
1780 7.675119E-02 1.535024E-01
1781 7.691984E-02 1.538397E-01
1782 7.708880E-02 1.541776E-01
1783 7.725805E-02 1.545161E-01
1784 7.742761E-02 1.548552E-01
1785 7.759746E-02 1.551949E-01
1786 7.776761E-02 1.555352E-01
1787 7.793805E-02 1.558761E-01
1788 7.810880E-02 1.562176E-01
1789 7.827985E-02 1.565597E-01
1790 7.845120E-02 1.569024E-01
1791 7.862285E-02 1.572457E-01
1792 7.879480E-02 1.575896E-01
1793 7.896706E-02 1.579341E-01
1794 7.913961E-02 1.582792E-01
1795 7.931247E-02 1.586249E-01
1796 7.948563E-02 1.589713E-01
1797 7.965910E-02 1.593182E-01
1798 7.983286E-02 1.596657E-01
1799 8.000694E-02 1.600139E-01
1800 8.018131E-02 1.603626E-01
1801 8.035599E-02 1.607120E-01
1802 8.053098E-02 1.610620E-01
1803 8.070627E-02 1.614125E-01
1804 8.088187E-02 1.617637E-01
1805 8.105777E-02 1.621155E-01
1806 8.123398E-02 1.624680E-01
1807 8.141049E-02 1.628210E-01
1808 8.158732E-02 1.631746E-01
1809 8.176445E-02 1.635289E-01
1810 8.194189E-02 1.638838E-01
1811 8.211964E-02 1.642393E-01
1812 8.229769E-02 1.645954E-01
1813 8.247606E-02 1.649521E-01
1814 8.265473E-02 1.653095E-01
1815 8.283372E-02 1.656674E-01
1816 8.301301E-02 1.660260E-01
1817 8.319262E-02 1.663852E-01
1818 8.337254E-02 1.667451E-01
1819 8.355277E-02 1.671055E-01
1820 8.373331E-02 1.674666E-01
1821 8.391416E-02 1.678283E-01
1822 8.409532E-02 1.681906E-01
1823 8.427680E-02 1.685536E-01
1824 8.445859E-02 1.689172E-01
1825 8.464070E-02 1.692814E-01
1826 8.482312E-02 1.696462E-01
1827 8.500585E-02 1.700117E-01
1828 8.518890E-02 1.703778E-01
1829 8.537226E-02 1.707445E-01
1830 8.555594E-02 1.711119E-01
1831 8.573994E-02 1.714799E-01
1832 8.592425E-02 1.718485E-01
1833 8.610888E-02 1.722178E-01
1834 8.629382E-02 1.725876E-01
1835 8.647909E-02 1.729582E-01
1836 8.666467E-02 1.733293E-01
1837 8.685057E-02 1.737011E-01
1838 8.703678E-02 1.740736E-01
1839 8.722332E-02 1.744466E-01
1840 8.741018E-02 1.748204E-01
1841 8.759735E-02 1.751947E-01
1842 8.778485E-02 1.755697E-01
1843 8.797267E-02 1.759453E-01
1844 8.816080E-02 1.763216E-01
1845 8.834926E-02 1.766985E-01
1846 8.853804E-02 1.770761E-01
1847 8.872715E-02 1.774543E-01
1848 8.891657E-02 1.778331E-01
1849 8.910632E-02 1.782126E-01
1850 8.929639E-02 1.785928E-01
1851 8.948679E-02 1.789736E-01
1852 8.967751E-02 1.793550E-01
1853 8.986855E-02 1.797371E-01
1854 9.005992E-02 1.801198E-01
1855 9.025161E-02 1.805032E-01
1856 9.044363E-02 1.808873E-01
1857 9.063598E-02 1.812720E-01
1858 9.082865E-02 1.816573E-01
1859 9.102165E-02 1.820433E-01
1860 9.121498E-02 1.824300E-01
1861 9.140863E-02 1.828173E-01
1862 9.160261E-02 1.832052E-01
1863 9.179692E-02 1.835938E-01
1864 9.199156E-02 1.839831E-01
1865 9.218653E-02 1.843731E-01
1866 9.238182E-02 1.847636E-01
1867 9.257745E-02 1.851549E-01
1868 9.277341E-02 1.855468E-01
1869 9.296970E-02 1.859394E-01
1870 9.316632E-02 1.863326E-01
1871 9.336327E-02 1.867265E-01
1872 9.356055E-02 1.871211E-01
1873 9.375816E-02 1.875163E-01
1874 9.395611E-02 1.879122E-01
1875 9.415439E-02 1.883088E-01
1876 9.435301E-02 1.887060E-01
1877 9.455195E-02 1.891039E-01
1878 9.475124E-02 1.895025E-01
1879 9.495085E-02 1.899017E-01
1880 9.515080E-02 1.903016E-01
1881 9.535109E-02 1.907022E-01
1882 9.555171E-02 1.911034E-01
1883 9.575267E-02 1.915053E-01
1884 9.595397E-02 1.919079E-01
1885 9.615560E-02 1.923112E-01
1886 9.635757E-02 1.927151E-01
1887 9.655988E-02 1.931198E-01
1888 9.676253E-02 1.935251E-01
1889 9.696551E-02 1.939310E-01
1890 9.716884E-02 1.943377E-01
1891 9.737250E-02 1.947450E-01
1892 9.757651E-02 1.951530E-01
1893 9.778085E-02 1.955617E-01
1894 9.798553E-02 1.959711E-01
1895 9.819056E-02 1.963811E-01
1896 9.839593E-02 1.967919E-01
1897 9.860163E-02 1.972033E-01
1898 9.880769E-02 1.976154E-01
1899 9.901408E-02 1.980282E-01
1900 9.922082E-02 1.984416E-01
1901 9.942790E-02 1.988558E-01
1902 9.963532E-02 1.992706E-01
1903 9.984309E-02 1.996862E-01
1904 1.000512E-01 2.001024E-01
1905 1.002597E-01 2.005193E-01
1906 1.004685E-01 2.009369E-01
1907 1.006776E-01 2.013552E-01
1908 1.008871E-01 2.017742E-01
1909 1.010970E-01 2.021939E-01
1910 1.013071E-01 2.026143E-01
1911 1.015177E-01 2.030354E-01
1912 1.017286E-01 2.034571E-01
1913 1.019398E-01 2.038796E-01
1914 1.021514E-01 2.043028E-01
1915 1.023633E-01 2.047266E-01
1916 1.025756E-01 2.051512E-01
1917 1.027882E-01 2.055764E-01
1918 1.030012E-01 2.060024E-01
1919 1.032145E-01 2.064291E-01
1920 1.034282E-01 2.068564E-01
1921 1.036423E-01 2.072845E-01
1922 1.038566E-01 2.077133E-01
1923 1.040714E-01 2.081428E-01
1924 1.042865E-01 2.085729E-01
1925 1.045019E-01 2.090038E-01
1926 1.047177E-01 2.094354E-01
1927 1.049339E-01 2.098677E-01
1928 1.051504E-01 2.103007E-01
1929 1.053672E-01 2.107345E-01
1930 1.055845E-01 2.111689E-01
1931 1.058020E-01 2.116041E-01
1932 1.060200E-01 2.120399E-01
1933 1.062382E-01 2.124765E-01
1934 1.064569E-01 2.129138E-01
1935 1.066759E-01 2.133518E-01
1936 1.068952E-01 2.137905E-01
1937 1.071150E-01 2.142299E-01
1938 1.073350E-01 2.146701E-01
1939 1.075555E-01 2.151109E-01
1940 1.077763E-01 2.155525E-01
1941 1.079974E-01 2.159948E-01
1942 1.082189E-01 2.164379E-01
1943 1.084408E-01 2.168816E-01
1944 1.086630E-01 2.173261E-01
1945 1.088856E-01 2.177713E-01
1946 1.091086E-01 2.182172E-01
1947 1.093319E-01 2.186639E-01
1948 1.095556E-01 2.191112E-01
1949 1.097797E-01 2.195593E-01
1950 1.100041E-01 2.200081E-01
1951 1.102289E-01 2.204577E-01
1952 1.104540E-01 2.209080E-01
1953 1.106795E-01 2.213590E-01
1954 1.109054E-01 2.218107E-01
1955 1.111316E-01 2.222632E-01
1956 1.113582E-01 2.227164E-01
1957 1.115852E-01 2.231704E-01
1958 1.118125E-01 2.236250E-01
1959 1.120402E-01 2.240804E-01
1960 1.122683E-01 2.245366E-01
1961 1.124967E-01 2.249935E-01
1962 1.127255E-01 2.254511E-01
1963 1.129547E-01 2.259095E-01
1964 1.131843E-01 2.263686E-01
1965 1.134142E-01 2.268284E-01
1966 1.136445E-01 2.272890E-01
1967 1.138751E-01 2.277503E-01
1968 1.141062E-01 2.282124E-01
1969 1.143376E-01 2.286752E-01
1970 1.145694E-01 2.291387E-01
1971 1.148015E-01 2.296030E-01
1972 1.150340E-01 2.300681E-01
1973 1.152669E-01 2.305339E-01
1974 1.155002E-01 2.310004E-01
1975 1.157338E-01 2.314677E-01
1976 1.159679E-01 2.319357E-01
1977 1.162023E-01 2.324045E-01
1978 1.164370E-01 2.328740E-01
1979 1.166722E-01 2.333443E-01
1980 1.169077E-01 2.338154E-01
1981 1.171436E-01 2.342872E-01
1982 1.173799E-01 2.347597E-01
1983 1.176165E-01 2.352331E-01
1984 1.178536E-01 2.357071E-01
1985 1.180910E-01 2.361819E-01
1986 1.183288E-01 2.366575E-01
1987 1.185669E-01 2.371339E-01
1988 1.188055E-01 2.376110E-01
1989 1.190444E-01 2.380888E-01
1990 1.192837E-01 2.385675E-01
1991 1.195234E-01 2.390469E-01
1992 1.197635E-01 2.395270E-01
1993 1.200040E-01 2.400079E-01
1994 1.202448E-01 2.404896E-01
1995 1.204860E-01 2.409721E-01
1996 1.207276E-01 2.414553E-01
1997 1.209696E-01 2.419393E-01
1998 1.212120E-01 2.424240E-01
1999 1.214548E-01 2.429095E-01
2000 1.216979E-01 2.433958E-01
2001 1.219414E-01 2.438829E-01
2002 1.221854E-01 2.443707E-01
2003 1.224297E-01 2.448594E-01
2004 1.226744E-01 2.453487E-01
2005 1.229195E-01 2.458389E-01
2006 1.231649E-01 2.463298E-01
2007 1.234108E-01 2.468216E-01
2008 1.236570E-01 2.473141E-01
2009 1.239037E-01 2.478073E-01
2010 1.241507E-01 2.483014E-01
2011 1.243981E-01 2.487962E-01
2012 1.246459E-01 2.492918E-01
2013 1.248941E-01 2.497882E-01
2014 1.251427E-01 2.502854E-01
2015 1.253917E-01 2.507834E-01
2016 1.256411E-01 2.512821E-01
2017 1.258908E-01 2.517817E-01
2018 1.261410E-01 2.522820E-01
2019 1.263915E-01 2.527831E-01
2020 1.266425E-01 2.532850E-01
2021 1.268938E-01 2.537877E-01
2022 1.271456E-01 2.542912E-01
2023 1.273977E-01 2.547954E-01
2024 1.276503E-01 2.553005E-01
2025 1.279032E-01 2.558064E-01
2026 1.281565E-01 2.563130E-01
2027 1.284102E-01 2.568205E-01
2028 1.286644E-01 2.573287E-01
2029 1.289189E-01 2.578378E-01
2030 1.291738E-01 2.583476E-01
2031 1.294291E-01 2.588582E-01
2032 1.296848E-01 2.593697E-01
2033 1.299410E-01 2.598819E-01
2034 1.301975E-01 2.603950E-01
2035 1.304544E-01 2.609088E-01
2036 1.307117E-01 2.614235E-01
2037 1.309695E-01 2.619389E-01
2038 1.312276E-01 2.624552E-01
2039 1.314861E-01 2.629722E-01
2040 1.317451E-01 2.634901E-01
2041 1.320044E-01 2.640088E-01
2042 1.322641E-01 2.645283E-01
2043 1.325243E-01 2.650486E-01
2044 1.327848E-01 2.655697E-01
2045 1.330458E-01 2.660916E-01
2046 1.333072E-01 2.666143E-01
2047 1.335689E-01 2.671379E-01
2048 1.338311E-01 2.676623E-01
2049 1.340937E-01 2.681874E-01
2050 1.343567E-01 2.687134E-01
2051 1.346201E-01 2.692403E-01
2052 1.348839E-01 2.697679E-01
2053 1.351482E-01 2.702963E-01
2054 1.354128E-01 2.708256E-01
2055 1.356779E-01 2.713557E-01
2056 1.359433E-01 2.718866E-01
2057 1.362092E-01 2.724184E-01
2058 1.364755E-01 2.729509E-01
2059 1.367422E-01 2.734843E-01
2060 1.370093E-01 2.740185E-01
2061 1.372768E-01 2.745536E-01
2062 1.375447E-01 2.750895E-01
2063 1.378131E-01 2.756262E-01
2064 1.380818E-01 2.761637E-01
2065 1.383510E-01 2.767021E-01
2066 1.386206E-01 2.772413E-01
2067 1.388906E-01 2.777813E-01
2068 1.391611E-01 2.783221E-01
2069 1.394319E-01 2.788638E-01
2070 1.397032E-01 2.794064E-01
2071 1.399749E-01 2.799497E-01
2072 1.402470E-01 2.804940E-01
2073 1.405195E-01 2.810390E-01
2074 1.407924E-01 2.815849E-01
2075 1.410658E-01 2.821316E-01
2076 1.413396E-01 2.826792E-01
2077 1.416138E-01 2.832276E-01
2078 1.418884E-01 2.837768E-01
2079 1.421635E-01 2.843269E-01
2080 1.424389E-01 2.848779E-01
2081 1.427148E-01 2.854297E-01
2082 1.429912E-01 2.859823E-01
2083 1.432679E-01 2.865358E-01
2084 1.435451E-01 2.870901E-01
2085 1.438227E-01 2.876453E-01
2086 1.441007E-01 2.882014E-01
2087 1.443791E-01 2.887583E-01
2088 1.446580E-01 2.893160E-01
2089 1.449373E-01 2.898746E-01
2090 1.452170E-01 2.904341E-01
2091 1.454972E-01 2.909944E-01
2092 1.457778E-01 2.915555E-01
2093 1.460588E-01 2.921176E-01
2094 1.463402E-01 2.926805E-01
2095 1.466221E-01 2.932442E-01
2096 1.469044E-01 2.938088E-01
2097 1.471871E-01 2.943743E-01
2098 1.474703E-01 2.949406E-01
2099 1.477539E-01 2.955078E-01
2100 1.480379E-01 2.960759E-01
2101 1.483224E-01 2.966448E-01
2102 1.486073E-01 2.972146E-01
2103 1.488926E-01 2.977853E-01
2104 1.491784E-01 2.983568E-01
2105 1.494646E-01 2.989292E-01
2106 1.497512E-01 2.995025E-01
2107 1.500383E-01 3.000766E-01
2108 1.503258E-01 3.006517E-01
2109 1.506138E-01 3.012276E-01
2110 1.509022E-01 3.018043E-01
2111 1.511910E-01 3.023820E-01
2112 1.514803E-01 3.029605E-01
2113 1.517700E-01 3.035399E-01
2114 1.520601E-01 3.041202E-01
2115 1.523507E-01 3.047014E-01
2116 1.526417E-01 3.052834E-01
2117 1.529332E-01 3.058664E-01
2118 1.532251E-01 3.064502E-01
2119 1.535174E-01 3.070349E-01
2120 1.538102E-01 3.076205E-01
2121 1.541035E-01 3.082069E-01
2122 1.543971E-01 3.087943E-01
2123 1.546913E-01 3.093825E-01
2124 1.549858E-01 3.099717E-01
2125 1.552809E-01 3.105617E-01
2126 1.555763E-01 3.111526E-01
2127 1.558722E-01 3.117445E-01
2128 1.561686E-01 3.123372E-01
2129 1.564654E-01 3.129308E-01
2130 1.567626E-01 3.135253E-01
2131 1.570603E-01 3.141207E-01
2132 1.573585E-01 3.147170E-01
2133 1.576571E-01 3.153142E-01
2134 1.579561E-01 3.159123E-01
2135 1.582556E-01 3.165113E-01
2136 1.585556E-01 3.171112E-01
2137 1.588560E-01 3.177120E-01
2138 1.591568E-01 3.183137E-01
2139 1.594581E-01 3.189163E-01
2140 1.597599E-01 3.195198E-01
2141 1.600621E-01 3.201242E-01
2142 1.603648E-01 3.207296E-01
2143 1.606679E-01 3.213358E-01
2144 1.609715E-01 3.219430E-01
2145 1.612755E-01 3.225510E-01
2146 1.615800E-01 3.231600E-01
2147 1.618850E-01 3.237699E-01
2148 1.621904E-01 3.243807E-01
2149 1.624962E-01 3.249925E-01
2150 1.628026E-01 3.256051E-01
2151 1.631093E-01 3.262187E-01
2152 1.634166E-01 3.268332E-01
2153 1.637243E-01 3.274486E-01
2154 1.640324E-01 3.280649E-01
2155 1.643411E-01 3.286821E-01
2156 1.646502E-01 3.293003E-01
2157 1.649597E-01 3.299194E-01
2158 1.652697E-01 3.305394E-01
2159 1.655802E-01 3.311604E-01
2160 1.658911E-01 3.317823E-01
2161 1.662025E-01 3.324051E-01
2162 1.665144E-01 3.330288E-01
2163 1.668267E-01 3.336535E-01
2164 1.671395E-01 3.342791E-01
2165 1.674528E-01 3.349056E-01
2166 1.677666E-01 3.355331E-01
2167 1.680808E-01 3.361615E-01
2168 1.683954E-01 3.367909E-01
2169 1.687106E-01 3.374211E-01
2170 1.690262E-01 3.380524E-01
2171 1.693423E-01 3.386845E-01
2172 1.696588E-01 3.393176E-01
2173 1.699758E-01 3.399517E-01
2174 1.702933E-01 3.405867E-01
2175 1.706113E-01 3.412226E-01
2176 1.709297E-01 3.418595E-01
2177 1.712487E-01 3.424973E-01
2178 1.715680E-01 3.431361E-01
2179 1.718879E-01 3.437758E-01
2180 1.722082E-01 3.444165E-01
2181 1.725291E-01 3.450581E-01
2182 1.728503E-01 3.457007E-01
2183 1.731721E-01 3.463442E-01
2184 1.734944E-01 3.469887E-01
2185 1.738171E-01 3.476341E-01
2186 1.741403E-01 3.482805E-01
2187 1.744640E-01 3.489279E-01
2188 1.747881E-01 3.495762E-01
2189 1.751127E-01 3.502255E-01
2190 1.754379E-01 3.508757E-01
2191 1.757635E-01 3.515269E-01
2192 1.760896E-01 3.521791E-01
2193 1.764161E-01 3.528322E-01
2194 1.767432E-01 3.534863E-01
2195 1.770707E-01 3.541414E-01
2196 1.773987E-01 3.547974E-01
2197 1.777272E-01 3.554544E-01
2198 1.780562E-01 3.561124E-01
2199 1.783857E-01 3.567714E-01
2200 1.787156E-01 3.574313E-01
2201 1.790461E-01 3.580922E-01
2202 1.793770E-01 3.587540E-01
2203 1.797084E-01 3.594169E-01
2204 1.800403E-01 3.600807E-01
2205 1.803727E-01 3.607455E-01
2206 1.807056E-01 3.614113E-01
2207 1.810390E-01 3.620780E-01
2208 1.813729E-01 3.627458E-01
2209 1.817073E-01 3.634145E-01
2210 1.820421E-01 3.640842E-01
2211 1.823775E-01 3.647549E-01
2212 1.827133E-01 3.654266E-01
2213 1.830496E-01 3.660993E-01
2214 1.833865E-01 3.667729E-01
2215 1.837238E-01 3.674476E-01
2216 1.840616E-01 3.681232E-01
2217 1.843999E-01 3.687999E-01
2218 1.847388E-01 3.694775E-01
2219 1.850781E-01 3.701561E-01
2220 1.854179E-01 3.708358E-01
2221 1.857582E-01 3.715164E-01
2222 1.860990E-01 3.721980E-01
2223 1.864403E-01 3.728806E-01
2224 1.867821E-01 3.735642E-01
2225 1.871244E-01 3.742489E-01
2226 1.874672E-01 3.749345E-01
2227 1.878106E-01 3.756211E-01
2228 1.881544E-01 3.763087E-01
2229 1.884987E-01 3.769974E-01
2230 1.888435E-01 3.776870E-01
2231 1.891889E-01 3.783777E-01
2232 1.895347E-01 3.790694E-01
2233 1.898810E-01 3.797621E-01
2234 1.902279E-01 3.804558E-01
2235 1.905752E-01 3.811505E-01
2236 1.909231E-01 3.818462E-01
2237 1.912715E-01 3.825429E-01
2238 1.916204E-01 3.832407E-01
2239 1.919697E-01 3.839395E-01
2240 1.923196E-01 3.846393E-01
2241 1.926701E-01 3.853401E-01
2242 1.930210E-01 3.860420E-01
2243 1.933724E-01 3.867448E-01
2244 1.937244E-01 3.874487E-01
2245 1.940768E-01 3.881537E-01
2246 1.944298E-01 3.888596E-01
2247 1.947833E-01 3.895666E-01
2248 1.951373E-01 3.902746E-01
2249 1.954918E-01 3.909836E-01
2250 1.958469E-01 3.916937E-01
2251 1.962024E-01 3.924048E-01
2252 1.965585E-01 3.931170E-01
2253 1.969151E-01 3.938301E-01
2254 1.972722E-01 3.945444E-01
2255 1.976298E-01 3.952596E-01
2256 1.979880E-01 3.959759E-01
2257 1.983466E-01 3.966933E-01
2258 1.987058E-01 3.974116E-01
2259 1.990655E-01 3.981311E-01
2260 1.994258E-01 3.988515E-01
2261 1.997865E-01 3.995731E-01
2262 2.001478E-01 4.002956E-01
2263 2.005096E-01 4.010192E-01
2264 2.008720E-01 4.017439E-01
2265 2.012348E-01 4.024696E-01
2266 2.015982E-01 4.031964E-01
2267 2.019621E-01 4.039242E-01
2268 2.023265E-01 4.046531E-01
2269 2.026915E-01 4.053830E-01
2270 2.030570E-01 4.061140E-01
2271 2.034230E-01 4.068461E-01
2272 2.037896E-01 4.075792E-01
2273 2.041567E-01 4.083134E-01
2274 2.045243E-01 4.090486E-01
2275 2.048925E-01 4.097849E-01
2276 2.052611E-01 4.105223E-01
2277 2.056304E-01 4.112607E-01
2278 2.060001E-01 4.120002E-01
2279 2.063704E-01 4.127408E-01
2280 2.067412E-01 4.134824E-01
2281 2.071126E-01 4.142252E-01
2282 2.074845E-01 4.149689E-01
2283 2.078569E-01 4.157138E-01
2284 2.082299E-01 4.164597E-01
2285 2.086034E-01 4.172068E-01
2286 2.089774E-01 4.179549E-01
2287 2.093520E-01 4.187040E-01
2288 2.097272E-01 4.194543E-01
2289 2.101028E-01 4.202056E-01
2290 2.104790E-01 4.209581E-01
2291 2.108558E-01 4.217116E-01
2292 2.112331E-01 4.224662E-01
2293 2.116109E-01 4.232219E-01
2294 2.119893E-01 4.239786E-01
2295 2.123682E-01 4.247365E-01
2296 2.127477E-01 4.254955E-01
2297 2.131278E-01 4.262555E-01
2298 2.135083E-01 4.270167E-01
2299 2.138894E-01 4.277789E-01
2300 2.142711E-01 4.285422E-01
2301 2.146533E-01 4.293067E-01
2302 2.150361E-01 4.300722E-01
2303 2.154194E-01 4.308388E-01
2304 2.158033E-01 4.316066E-01
2305 2.161877E-01 4.323754E-01
2306 2.165727E-01 4.331454E-01
2307 2.169582E-01 4.339164E-01
2308 2.173443E-01 4.346886E-01
2309 2.177309E-01 4.354619E-01
2310 2.181181E-01 4.362362E-01
2311 2.185059E-01 4.370117E-01
2312 2.188942E-01 4.377884E-01
2313 2.192830E-01 4.385661E-01
2314 2.196725E-01 4.393449E-01
2315 2.200624E-01 4.401249E-01
2316 2.204530E-01 4.409060E-01
2317 2.208441E-01 4.416881E-01
2318 2.212357E-01 4.424715E-01
2319 2.216280E-01 4.432559E-01
2320 2.220207E-01 4.440415E-01
2321 2.224141E-01 4.448282E-01
2322 2.228080E-01 4.456160E-01
2323 2.232025E-01 4.464049E-01
2324 2.235975E-01 4.471950E-01
2325 2.239931E-01 4.479862E-01
2326 2.243893E-01 4.487786E-01
2327 2.247860E-01 4.495720E-01
2328 2.251833E-01 4.503667E-01
2329 2.255812E-01 4.511624E-01
2330 2.259796E-01 4.519593E-01
2331 2.263787E-01 4.527573E-01
2332 2.267782E-01 4.535565E-01
2333 2.271784E-01 4.543568E-01
2334 2.275791E-01 4.551582E-01
2335 2.279804E-01 4.559608E-01
2336 2.283823E-01 4.567646E-01
2337 2.287847E-01 4.575695E-01
2338 2.291878E-01 4.583755E-01
2339 2.295914E-01 4.591827E-01
2340 2.299955E-01 4.599911E-01
2341 2.304003E-01 4.608006E-01
2342 2.308056E-01 4.616112E-01
2343 2.312115E-01 4.624231E-01
2344 2.316180E-01 4.632360E-01
2345 2.320251E-01 4.640502E-01
2346 2.324327E-01 4.648654E-01
2347 2.328410E-01 4.656819E-01
2348 2.332498E-01 4.664995E-01
2349 2.336592E-01 4.673183E-01
2350 2.340691E-01 4.681383E-01
2351 2.344797E-01 4.689594E-01
2352 2.348908E-01 4.697817E-01
2353 2.353026E-01 4.706051E-01
2354 2.357149E-01 4.714298E-01
2355 2.361278E-01 4.722556E-01
2356 2.365413E-01 4.730826E-01
2357 2.369554E-01 4.739107E-01
2358 2.373700E-01 4.747400E-01
2359 2.377853E-01 4.755706E-01
2360 2.382011E-01 4.764023E-01
2361 2.386176E-01 4.772351E-01
2362 2.390346E-01 4.780692E-01
2363 2.394522E-01 4.789045E-01
2364 2.398705E-01 4.797409E-01
2365 2.402893E-01 4.805785E-01
2366 2.407087E-01 4.814174E-01
2367 2.411287E-01 4.822574E-01
2368 2.415493E-01 4.830986E-01
2369 2.419705E-01 4.839410E-01
2370 2.423923E-01 4.847846E-01
2371 2.428147E-01 4.856294E-01
2372 2.432377E-01 4.864754E-01
2373 2.436613E-01 4.873225E-01
2374 2.440855E-01 4.881709E-01
2375 2.445103E-01 4.890205E-01
2376 2.449357E-01 4.898713E-01
2377 2.453617E-01 4.907234E-01
2378 2.457883E-01 4.915766E-01
2379 2.462155E-01 4.924310E-01
2380 2.466433E-01 4.932866E-01
2381 2.470717E-01 4.941435E-01
2382 2.475008E-01 4.950016E-01
2383 2.479304E-01 4.958608E-01
2384 2.483607E-01 4.967213E-01
2385 2.487915E-01 4.975831E-01
2386 2.492230E-01 4.984460E-01
2387 2.496551E-01 4.993102E-01
2388 2.500878E-01 5.001755E-01
2389 2.505211E-01 5.010422E-01
2390 2.509550E-01 5.019100E-01
2391 2.513895E-01 5.027791E-01
2392 2.518247E-01 5.036494E-01
2393 2.522604E-01 5.045209E-01
2394 2.526968E-01 5.053936E-01
2395 2.531338E-01 5.062676E-01
2396 2.535714E-01 5.071429E-01
2397 2.540097E-01 5.080193E-01
2398 2.544485E-01 5.088970E-01
2399 2.548880E-01 5.097760E-01
2400 2.553281E-01 5.106562E-01
2401 2.557688E-01 5.115376E-01
2402 2.562101E-01 5.124203E-01
2403 2.566521E-01 5.133042E-01
2404 2.570947E-01 5.141894E-01
2405 2.575379E-01 5.150758E-01
2406 2.579817E-01 5.159635E-01
2407 2.584262E-01 5.168524E-01
2408 2.588713E-01 5.177426E-01
2409 2.593170E-01 5.186340E-01
2410 2.597633E-01 5.195267E-01
2411 2.602103E-01 5.204207E-01
2412 2.606579E-01 5.213159E-01
2413 2.611062E-01 5.222123E-01
2414 2.615550E-01 5.231101E-01
2415 2.620045E-01 5.240091E-01
2416 2.624547E-01 5.249094E-01
2417 2.629055E-01 5.258109E-01
2418 2.633569E-01 5.267137E-01
2419 2.638089E-01 5.276178E-01
2420 2.642616E-01 5.285232E-01
2421 2.647149E-01 5.294298E-01
2422 2.651689E-01 5.303377E-01
2423 2.656235E-01 5.312469E-01
2424 2.660787E-01 5.321574E-01
2425 2.665346E-01 5.330692E-01
2426 2.669911E-01 5.339822E-01
2427 2.674483E-01 5.348965E-01
2428 2.679061E-01 5.358121E-01
2429 2.683645E-01 5.367290E-01
2430 2.688236E-01 5.376472E-01
2431 2.692834E-01 5.385667E-01
2432 2.697437E-01 5.394875E-01
2433 2.702048E-01 5.404096E-01
2434 2.706665E-01 5.413329E-01
2435 2.711288E-01 5.422576E-01
2436 2.715918E-01 5.431836E-01
2437 2.720554E-01 5.441108E-01
2438 2.725197E-01 5.450394E-01
2439 2.729846E-01 5.459693E-01
2440 2.734502E-01 5.469004E-01
2441 2.739165E-01 5.478329E-01
2442 2.743834E-01 5.487667E-01
2443 2.748509E-01 5.497019E-01
2444 2.753191E-01 5.506383E-01
2445 2.757880E-01 5.515760E-01
2446 2.762575E-01 5.525151E-01
2447 2.767277E-01 5.534555E-01
2448 2.771986E-01 5.543972E-01
2449 2.776701E-01 5.553402E-01
2450 2.781423E-01 5.562845E-01
2451 2.786151E-01 5.572302E-01
2452 2.790886E-01 5.581772E-01
2453 2.795628E-01 5.591255E-01
2454 2.800376E-01 5.600752E-01
2455 2.805131E-01 5.610262E-01
2456 2.809892E-01 5.619785E-01
2457 2.814661E-01 5.629321E-01
2458 2.819436E-01 5.638871E-01
2459 2.824217E-01 5.648435E-01
2460 2.829006E-01 5.658011E-01
2461 2.833801E-01 5.667601E-01
2462 2.838603E-01 5.677205E-01
2463 2.843411E-01 5.686822E-01
2464 2.848226E-01 5.696453E-01
2465 2.853048E-01 5.706097E-01
2466 2.857877E-01 5.715754E-01
2467 2.862713E-01 5.725425E-01
2468 2.867555E-01 5.735110E-01
2469 2.872404E-01 5.744808E-01
2470 2.877260E-01 5.754520E-01
2471 2.882123E-01 5.764245E-01
2472 2.886992E-01 5.773984E-01
2473 2.891868E-01 5.783737E-01
2474 2.896751E-01 5.793503E-01
2475 2.901641E-01 5.803283E-01
2476 2.906538E-01 5.813076E-01
2477 2.911442E-01 5.822884E-01
2478 2.916352E-01 5.832705E-01
2479 2.921270E-01 5.842540E-01
2480 2.926194E-01 5.852388E-01
2481 2.931125E-01 5.862250E-01
2482 2.936063E-01 5.872126E-01
2483 2.941008E-01 5.882016E-01
2484 2.945960E-01 5.891920E-01
2485 2.950919E-01 5.901838E-01
2486 2.955885E-01 5.911769E-01
2487 2.960857E-01 5.921714E-01
2488 2.965837E-01 5.931674E-01
2489 2.970823E-01 5.941647E-01
2490 2.975817E-01 5.951634E-01
2491 2.980817E-01 5.961635E-01
2492 2.985825E-01 5.971650E-01
2493 2.990839E-01 5.981679E-01
2494 2.995861E-01 5.991722E-01
2495 3.000889E-01 6.001779E-01
2496 3.005925E-01 6.011850E-01
2497 3.010968E-01 6.021935E-01
2498 3.016017E-01 6.032034E-01
2499 3.021074E-01 6.042148E-01
2500 3.026138E-01 6.052275E-01
2501 3.031208E-01 6.062417E-01
2502 3.036286E-01 6.072572E-01
2503 3.041371E-01 6.082742E-01
2504 3.046463E-01 6.092926E-01
2505 3.051562E-01 6.103125E-01
2506 3.056669E-01 6.113337E-01
2507 3.061782E-01 6.123564E-01
2508 3.066903E-01 6.133805E-01
2509 3.072030E-01 6.144060E-01
2510 3.077165E-01 6.154330E-01
2511 3.082307E-01 6.164614E-01
2512 3.087456E-01 6.174912E-01
2513 3.092612E-01 6.185225E-01
2514 3.097776E-01 6.195552E-01
2515 3.102947E-01 6.205893E-01
2516 3.108125E-01 6.216249E-01
2517 3.113310E-01 6.226620E-01
2518 3.118502E-01 6.237004E-01
2519 3.123702E-01 6.247403E-01
2520 3.128909E-01 6.257817E-01
2521 3.134123E-01 6.268245E-01
2522 3.139344E-01 6.278688E-01
2523 3.144573E-01 6.289145E-01
2524 3.149809E-01 6.299617E-01
2525 3.155052E-01 6.310104E-01
2526 3.160302E-01 6.320605E-01
2527 3.165560E-01 6.331121E-01
2528 3.170825E-01 6.341651E-01
2529 3.176098E-01 6.352196E-01
2530 3.181378E-01 6.362755E-01
2531 3.186665E-01 6.373330E-01
2532 3.191959E-01 6.383919E-01
2533 3.197261E-01 6.394523E-01
2534 3.202571E-01 6.405141E-01
2535 3.207887E-01 6.415775E-01
2536 3.213211E-01 6.426423E-01
2537 3.218543E-01 6.437086E-01
2538 3.223882E-01 6.447764E-01
2539 3.229228E-01 6.458456E-01
2540 3.234582E-01 6.469164E-01
2541 3.239943E-01 6.479886E-01
2542 3.245312E-01 6.490624E-01
2543 3.250688E-01 6.501376E-01
2544 3.256072E-01 6.512143E-01
2545 3.261463E-01 6.522926E-01
2546 3.266861E-01 6.533723E-01
2547 3.272268E-01 6.544535E-01
2548 3.277681E-01 6.555362E-01
2549 3.283102E-01 6.566205E-01
2550 3.288531E-01 6.577062E-01
2551 3.293967E-01 6.587935E-01
2552 3.299411E-01 6.598822E-01
2553 3.304863E-01 6.609725E-01
2554 3.310322E-01 6.620643E-01
2555 3.315788E-01 6.631576E-01
2556 3.321262E-01 6.642524E-01
2557 3.326744E-01 6.653488E-01
2558 3.332233E-01 6.664467E-01
2559 3.337730E-01 6.675461E-01
2560 3.343235E-01 6.686470E-01
2561 3.348747E-01 6.697494E-01
2562 3.354267E-01 6.708534E-01
2563 3.359795E-01 6.719590E-01
2564 3.365330E-01 6.730660E-01
2565 3.370873E-01 6.741746E-01
2566 3.376424E-01 6.752847E-01
2567 3.381982E-01 6.763964E-01
2568 3.387548E-01 6.775096E-01
2569 3.393122E-01 6.786244E-01
2570 3.398704E-01 6.797407E-01
2571 3.404293E-01 6.808586E-01
2572 3.409890E-01 6.819780E-01
2573 3.415495E-01 6.830990E-01
2574 3.421107E-01 6.842215E-01
2575 3.426728E-01 6.853456E-01
2576 3.432356E-01 6.864712E-01
2577 3.437992E-01 6.875984E-01
2578 3.443636E-01 6.887272E-01
2579 3.449288E-01 6.898575E-01
2580 3.454947E-01 6.909894E-01
2581 3.460614E-01 6.921229E-01
2582 3.466290E-01 6.932579E-01
2583 3.471973E-01 6.943946E-01
2584 3.477664E-01 6.955328E-01
2585 3.483363E-01 6.966725E-01
2586 3.489070E-01 6.978139E-01
2587 3.494784E-01 6.989569E-01
2588 3.500507E-01 7.001014E-01
2589 3.506237E-01 7.012475E-01
2590 3.511976E-01 7.023952E-01
2591 3.517723E-01 7.035445E-01
2592 3.523477E-01 7.046954E-01
2593 3.529239E-01 7.058479E-01
2594 3.535010E-01 7.070020E-01
2595 3.540788E-01 7.081577E-01
2596 3.546575E-01 7.093149E-01
2597 3.552369E-01 7.104738E-01
2598 3.558172E-01 7.116343E-01
2599 3.563982E-01 7.127964E-01
2600 3.569801E-01 7.139602E-01
2601 3.575627E-01 7.151255E-01
2602 3.581462E-01 7.162924E-01
2603 3.587305E-01 7.174610E-01
2604 3.593156E-01 7.186312E-01
2605 3.599015E-01 7.198030E-01
2606 3.604882E-01 7.209764E-01
2607 3.610757E-01 7.221515E-01
2608 3.616641E-01 7.233282E-01
2609 3.622532E-01 7.245065E-01
2610 3.628432E-01 7.256864E-01
2611 3.634340E-01 7.268680E-01
2612 3.640256E-01 7.280512E-01
2613 3.646180E-01 7.292361E-01
2614 3.652113E-01 7.304226E-01
2615 3.658054E-01 7.316107E-01
2616 3.664003E-01 7.328005E-01
2617 3.669960E-01 7.339920E-01
2618 3.675925E-01 7.351851E-01
2619 3.681899E-01 7.363798E-01
2620 3.687881E-01 7.375762E-01
2621 3.693871E-01 7.387742E-01
2622 3.699870E-01 7.399740E-01
2623 3.705877E-01 7.411753E-01
2624 3.711892E-01 7.423784E-01
2625 3.717915E-01 7.435831E-01
2626 3.723947E-01 7.447894E-01
2627 3.729987E-01 7.459975E-01
2628 3.736036E-01 7.472072E-01
2629 3.742093E-01 7.484186E-01
2630 3.748158E-01 7.496317E-01
2631 3.754232E-01 7.508464E-01
2632 3.760314E-01 7.520628E-01
2633 3.766405E-01 7.532809E-01
2634 3.772504E-01 7.545007E-01
2635 3.778611E-01 7.557222E-01
2636 3.784727E-01 7.569454E-01
2637 3.790851E-01 7.581703E-01
2638 3.796984E-01 7.593968E-01
2639 3.803125E-01 7.606251E-01
2640 3.809275E-01 7.618551E-01
2641 3.815434E-01 7.630867E-01
2642 3.821600E-01 7.643201E-01
2643 3.827776E-01 7.655552E-01
2644 3.833960E-01 7.667919E-01
2645 3.840152E-01 7.680304E-01
2646 3.846353E-01 7.692707E-01
2647 3.852563E-01 7.705126E-01
2648 3.858781E-01 7.717562E-01
2649 3.865008E-01 7.730016E-01
2650 3.871243E-01 7.742487E-01
2651 3.877487E-01 7.754975E-01
2652 3.883740E-01 7.767480E-01
2653 3.890002E-01 7.780003E-01
2654 3.896272E-01 7.792543E-01
2655 3.902550E-01 7.805100E-01
2656 3.908838E-01 7.817675E-01
2657 3.915134E-01 7.830267E-01
2658 3.921438E-01 7.842877E-01
2659 3.927752E-01 7.855504E-01
2660 3.934074E-01 7.868148E-01
2661 3.940405E-01 7.880810E-01
2662 3.946745E-01 7.893490E-01
2663 3.953093E-01 7.906187E-01
2664 3.959451E-01 7.918901E-01
2665 3.965817E-01 7.931634E-01
2666 3.972192E-01 7.944383E-01
2667 3.978575E-01 7.957151E-01
2668 3.984968E-01 7.969936E-01
2669 3.991369E-01 7.982739E-01
2670 3.997779E-01 7.995559E-01
2671 4.004199E-01 8.008397E-01
2672 4.010627E-01 8.021253E-01
2673 4.017063E-01 8.034127E-01
2674 4.023509E-01 8.047018E-01
2675 4.029964E-01 8.059928E-01
2676 4.036427E-01 8.072855E-01
2677 4.042900E-01 8.085800E-01
2678 4.049381E-01 8.098763E-01
2679 4.055872E-01 8.111744E-01
2680 4.062371E-01 8.124742E-01
2681 4.068880E-01 8.137759E-01
2682 4.075397E-01 8.150794E-01
2683 4.081923E-01 8.163847E-01
2684 4.088459E-01 8.176917E-01
2685 4.095003E-01 8.190006E-01
2686 4.101557E-01 8.203113E-01
2687 4.108119E-01 8.216239E-01
2688 4.114691E-01 8.229382E-01
2689 4.121272E-01 8.242543E-01
2690 4.127861E-01 8.255723E-01
2691 4.134460E-01 8.268921E-01
2692 4.141068E-01 8.282137E-01
2693 4.147686E-01 8.295371E-01
2694 4.154312E-01 8.308624E-01
2695 4.160947E-01 8.321895E-01
2696 4.167592E-01 8.335184E-01
2697 4.174246E-01 8.348492E-01
2698 4.180909E-01 8.361818E-01
2699 4.187581E-01 8.375162E-01
2700 4.194263E-01 8.388525E-01
2701 4.200953E-01 8.401906E-01
2702 4.207653E-01 8.415306E-01
2703 4.214362E-01 8.428725E-01
2704 4.221081E-01 8.442162E-01
2705 4.227809E-01 8.455617E-01
2706 4.234546E-01 8.469091E-01
2707 4.241292E-01 8.482584E-01
2708 4.248048E-01 8.496095E-01
2709 4.254813E-01 8.509625E-01
2710 4.261587E-01 8.523174E-01
2711 4.268371E-01 8.536742E-01
2712 4.275164E-01 8.550328E-01
2713 4.281966E-01 8.563933E-01
2714 4.288778E-01 8.577557E-01
2715 4.295600E-01 8.591199E-01
2716 4.302430E-01 8.604861E-01
2717 4.309271E-01 8.618541E-01
2718 4.316120E-01 8.632240E-01
2719 4.322979E-01 8.645958E-01
2720 4.329848E-01 8.659696E-01
2721 4.336726E-01 8.673452E-01
2722 4.343613E-01 8.687227E-01
2723 4.350510E-01 8.701021E-01
2724 4.357417E-01 8.714834E-01
2725 4.364333E-01 8.728666E-01
2726 4.371259E-01 8.742518E-01
2727 4.378194E-01 8.756388E-01
2728 4.385139E-01 8.770278E-01
2729 4.392094E-01 8.784187E-01
2730 4.399058E-01 8.798115E-01
2731 4.406031E-01 8.812062E-01
2732 4.413015E-01 8.826029E-01
2733 4.420008E-01 8.840015E-01
2734 4.427010E-01 8.854020E-01
2735 4.434022E-01 8.868045E-01
2736 4.441044E-01 8.882089E-01
2737 4.448076E-01 8.896152E-01
2738 4.455118E-01 8.910235E-01
2739 4.462169E-01 8.924337E-01
2740 4.469230E-01 8.938459E-01
2741 4.476300E-01 8.952600E-01
2742 4.483381E-01 8.966761E-01
2743 4.490471E-01 8.980941E-01
2744 4.497571E-01 8.995141E-01
2745 4.504680E-01 9.009361E-01
2746 4.511800E-01 9.023600E-01
2747 4.518930E-01 9.037859E-01
2748 4.526069E-01 9.052138E-01
2749 4.533218E-01 9.066436E-01
2750 4.540377E-01 9.080754E-01
2751 4.547546E-01 9.095092E-01
2752 4.554725E-01 9.109450E-01
2753 4.561914E-01 9.123827E-01
2754 4.569112E-01 9.138224E-01
2755 4.576321E-01 9.152642E-01
2756 4.583539E-01 9.167079E-01
2757 4.590768E-01 9.181536E-01
2758 4.598006E-01 9.196013E-01
2759 4.605255E-01 9.210510E-01
2760 4.612514E-01 9.225027E-01
2761 4.619782E-01 9.239564E-01
2762 4.627061E-01 9.254122E-01
2763 4.634349E-01 9.268699E-01
2764 4.641648E-01 9.283296E-01
2765 4.648957E-01 9.297914E-01
2766 4.656276E-01 9.312552E-01
2767 4.663605E-01 9.327210E-01
2768 4.670944E-01 9.341888E-01
2769 4.678294E-01 9.356587E-01
2770 4.685653E-01 9.371306E-01
2771 4.693023E-01 9.386045E-01
2772 4.700402E-01 9.400805E-01
2773 4.707792E-01 9.415585E-01
2774 4.715193E-01 9.430385E-01
2775 4.722603E-01 9.445206E-01
2776 4.730024E-01 9.460048E-01
2777 4.737455E-01 9.474909E-01
2778 4.744896E-01 9.489792E-01
2779 4.752347E-01 9.504695E-01
2780 4.759809E-01 9.519618E-01
2781 4.767281E-01 9.534563E-01
2782 4.774764E-01 9.549527E-01
2783 4.782256E-01 9.564513E-01
2784 4.789760E-01 9.579519E-01
2785 4.797273E-01 9.594546E-01
2786 4.804797E-01 9.609594E-01
2787 4.812331E-01 9.624662E-01
2788 4.819876E-01 9.639752E-01
2789 4.827431E-01 9.654862E-01
2790 4.834996E-01 9.669993E-01
2791 4.842572E-01 9.685145E-01
2792 4.850159E-01 9.700318E-01
2793 4.857756E-01 9.715511E-01
2794 4.865363E-01 9.730726E-01
2795 4.872981E-01 9.745962E-01
2796 4.880610E-01 9.761219E-01
2797 4.888249E-01 9.776497E-01
2798 4.895898E-01 9.791796E-01
2799 4.903558E-01 9.807116E-01
2800 4.911229E-01 9.822458E-01
2801 4.918910E-01 9.837821E-01
2802 4.926602E-01 9.853204E-01
2803 4.934305E-01 9.868610E-01
2804 4.942018E-01 9.884036E-01
2805 4.949742E-01 9.899484E-01
2806 4.957476E-01 9.914953E-01
2807 4.965222E-01 9.930443E-01
2808 4.972978E-01 9.945955E-01
2809 4.980744E-01 9.961488E-01
2810 4.988522E-01 9.977043E-01
2811 4.996310E-01 9.992619E-01
2812 5.004109E-01 1.000822E+00
2813 5.011918E-01 1.002384E+00
2814 5.019739E-01 1.003948E+00
2815 5.027570E-01 1.005514E+00
2816 5.035412E-01 1.007082E+00
2817 5.043265E-01 1.008653E+00
2818 5.051129E-01 1.010226E+00
2819 5.059004E-01 1.011801E+00
2820 5.066889E-01 1.013378E+00
2821 5.074786E-01 1.014957E+00
2822 5.082693E-01 1.016539E+00
2823 5.090611E-01 1.018122E+00
2824 5.098540E-01 1.019708E+00
2825 5.106481E-01 1.021296E+00
2826 5.114432E-01 1.022886E+00
2827 5.122394E-01 1.024479E+00
2828 5.130367E-01 1.026073E+00
2829 5.138351E-01 1.027670E+00
2830 5.146347E-01 1.029269E+00
2831 5.154353E-01 1.030871E+00
2832 5.162370E-01 1.032474E+00
2833 5.170399E-01 1.034080E+00
2834 5.178438E-01 1.035688E+00
2835 5.186489E-01 1.037298E+00
2836 5.194551E-01 1.038910E+00
2837 5.202623E-01 1.040525E+00
2838 5.210708E-01 1.042142E+00
2839 5.218803E-01 1.043761E+00
2840 5.226909E-01 1.045382E+00
2841 5.235027E-01 1.047005E+00
2842 5.243156E-01 1.048631E+00
2843 5.251296E-01 1.050259E+00
2844 5.259447E-01 1.051889E+00
2845 5.267610E-01 1.053522E+00
2846 5.275784E-01 1.055157E+00
2847 5.283969E-01 1.056794E+00
2848 5.292166E-01 1.058433E+00
2849 5.300374E-01 1.060075E+00
2850 5.308593E-01 1.061719E+00
2851 5.316823E-01 1.063365E+00
2852 5.325065E-01 1.065013E+00
2853 5.333319E-01 1.066664E+00
2854 5.341584E-01 1.068317E+00
2855 5.349860E-01 1.069972E+00
2856 5.358148E-01 1.071630E+00
2857 5.366447E-01 1.073289E+00
2858 5.374757E-01 1.074951E+00
2859 5.383080E-01 1.076616E+00
2860 5.391413E-01 1.078283E+00
2861 5.399758E-01 1.079952E+00
2862 5.408115E-01 1.081623E+00
2863 5.416483E-01 1.083297E+00
2864 5.424863E-01 1.084973E+00
2865 5.433255E-01 1.086651E+00
2866 5.441658E-01 1.088332E+00
2867 5.450072E-01 1.090014E+00
2868 5.458498E-01 1.091700E+00
2869 5.466936E-01 1.093387E+00
2870 5.475386E-01 1.095077E+00
2871 5.483847E-01 1.096769E+00
2872 5.492320E-01 1.098464E+00
2873 5.500805E-01 1.100161E+00
2874 5.509302E-01 1.101860E+00
2875 5.517810E-01 1.103562E+00
2876 5.526330E-01 1.105266E+00
2877 5.534862E-01 1.106972E+00
2878 5.543405E-01 1.108681E+00
2879 5.551961E-01 1.110392E+00
2880 5.560528E-01 1.112106E+00
2881 5.569107E-01 1.113821E+00
2882 5.577698E-01 1.115540E+00
2883 5.586301E-01 1.117260E+00
2884 5.594916E-01 1.118983E+00
2885 5.603542E-01 1.120708E+00
2886 5.612181E-01 1.122436E+00
2887 5.620832E-01 1.124166E+00
2888 5.629494E-01 1.125899E+00
2889 5.638169E-01 1.127634E+00
2890 5.646855E-01 1.129371E+00
2891 5.655554E-01 1.131111E+00
2892 5.664265E-01 1.132853E+00
2893 5.672987E-01 1.134597E+00
2894 5.681722E-01 1.136344E+00
2895 5.690469E-01 1.138094E+00
2896 5.699228E-01 1.139846E+00
2897 5.707999E-01 1.141600E+00
2898 5.716782E-01 1.143356E+00
2899 5.725578E-01 1.145116E+00
2900 5.734385E-01 1.146877E+00
2901 5.743205E-01 1.148641E+00
2902 5.752037E-01 1.150407E+00
2903 5.760881E-01 1.152176E+00
2904 5.769738E-01 1.153948E+00
2905 5.778606E-01 1.155721E+00
2906 5.787487E-01 1.157497E+00
2907 5.796380E-01 1.159276E+00
2908 5.805286E-01 1.161057E+00
2909 5.814204E-01 1.162841E+00
2910 5.823134E-01 1.164627E+00
2911 5.832077E-01 1.166415E+00
2912 5.841032E-01 1.168206E+00
2913 5.849999E-01 1.170000E+00
2914 5.858979E-01 1.171796E+00
2915 5.867971E-01 1.173594E+00
2916 5.876976E-01 1.175395E+00
2917 5.885993E-01 1.177199E+00
2918 5.895023E-01 1.179005E+00
2919 5.904065E-01 1.180813E+00
2920 5.913120E-01 1.182624E+00
2921 5.922187E-01 1.184437E+00
2922 5.931267E-01 1.186253E+00
2923 5.940359E-01 1.188072E+00
2924 5.949464E-01 1.189893E+00
2925 5.958582E-01 1.191716E+00
2926 5.967712E-01 1.193542E+00
2927 5.976855E-01 1.195371E+00
2928 5.986011E-01 1.197202E+00
2929 5.995179E-01 1.199036E+00
2930 6.004360E-01 1.200872E+00
2931 6.013554E-01 1.202711E+00
2932 6.022760E-01 1.204552E+00
2933 6.031979E-01 1.206396E+00
2934 6.041211E-01 1.208242E+00
2935 6.050456E-01 1.210091E+00
2936 6.059713E-01 1.211943E+00
2937 6.068984E-01 1.213797E+00
2938 6.078267E-01 1.215653E+00
2939 6.087563E-01 1.217513E+00
2940 6.096872E-01 1.219374E+00
2941 6.106194E-01 1.221239E+00
2942 6.115529E-01 1.223106E+00
2943 6.124876E-01 1.224975E+00
2944 6.134237E-01 1.226847E+00
2945 6.143611E-01 1.228722E+00
2946 6.152997E-01 1.230599E+00
2947 6.162397E-01 1.232479E+00
2948 6.171810E-01 1.234362E+00
2949 6.181235E-01 1.236247E+00
2950 6.190674E-01 1.238135E+00
2951 6.200126E-01 1.240025E+00
2952 6.209591E-01 1.241918E+00
2953 6.219069E-01 1.243814E+00
2954 6.228560E-01 1.245712E+00
2955 6.238065E-01 1.247613E+00
2956 6.247582E-01 1.249516E+00
2957 6.257113E-01 1.251423E+00
2958 6.266657E-01 1.253331E+00
2959 6.276214E-01 1.255243E+00
2960 6.285785E-01 1.257157E+00
2961 6.295369E-01 1.259074E+00
2962 6.304966E-01 1.260993E+00
2963 6.314576E-01 1.262915E+00
2964 6.324200E-01 1.264840E+00
2965 6.333837E-01 1.266767E+00
2966 6.343487E-01 1.268697E+00
2967 6.353151E-01 1.270630E+00
2968 6.362828E-01 1.272566E+00
2969 6.372519E-01 1.274504E+00
2970 6.382223E-01 1.276445E+00
2971 6.391940E-01 1.278388E+00
2972 6.401671E-01 1.280334E+00
2973 6.411416E-01 1.282283E+00
2974 6.421174E-01 1.284235E+00
2975 6.430945E-01 1.286189E+00
2976 6.440730E-01 1.288146E+00
2977 6.450529E-01 1.290106E+00
2978 6.460341E-01 1.292068E+00
2979 6.470167E-01 1.294033E+00
2980 6.480007E-01 1.296001E+00
2981 6.489860E-01 1.297972E+00
2982 6.499727E-01 1.299945E+00
2983 6.509607E-01 1.301921E+00
2984 6.519502E-01 1.303900E+00
2985 6.529410E-01 1.305882E+00
2986 6.539331E-01 1.307866E+00
2987 6.549267E-01 1.309853E+00
2988 6.559216E-01 1.311843E+00
2989 6.569179E-01 1.313836E+00
2990 6.579156E-01 1.315831E+00
2991 6.589147E-01 1.317829E+00
2992 6.599152E-01 1.319830E+00
2993 6.609170E-01 1.321834E+00
2994 6.619203E-01 1.323841E+00
2995 6.629249E-01 1.325850E+00
2996 6.639310E-01 1.327862E+00
2997 6.649384E-01 1.329877E+00
2998 6.659472E-01 1.331894E+00
2999 6.669574E-01 1.333915E+00
3000 6.679691E-01 1.335938E+00
